   4.9942076e+01   7.8939206e-16
   5.0983892e+01   7.3462070e-16
   5.1979821e+01   6.7037045e-16
   5.2995205e+01   6.0181355e-16
   5.3960227e+01   5.3499497e-16
   5.4943672e+01   4.7095356e-16
   5.5945041e+01   4.1321428e-16
   5.6963778e+01   3.6138948e-16
   5.7927505e+01   3.2126487e-16
   5.8982342e+01   2.9220241e-16
   5.9980219e+01   2.7731472e-16
   6.0994035e+01   2.7912654e-16
   6.1945362e+01   2.9799056e-16
   6.2992394e+01   3.3741160e-16
   6.3974890e+01   3.9344004e-16
   6.4972710e+01   4.6180579e-16
   6.5986093e+01   5.3849033e-16
   6.6929252e+01   6.1774449e-16
   6.7973151e+01   6.9489812e-16
   6.8944712e+01   7.6903452e-16
   6.9929076e+01   8.3180336e-16
   7.0928594e+01   8.8509708e-16
   7.1941284e+01   9.2958195e-16
   7.2969562e+01   9.6677431e-16
   7.3916380e+01   1.0021862e-15
   7.4972889e+01   1.0354773e-15
   7.5945702e+01   1.0698743e-15
   7.6932329e+01   1.1090626e-15
   7.7930567e+01   1.1534360e-15
   7.8941757e+01   1.2074695e-15
   7.9967306e+01   1.2639846e-15
   8.0900935e+01   1.3231969e-15
   8.1950668e+01   1.3851829e-15
   8.2907453e+01   1.4500159e-15
   8.3983221e+01   1.5179429e-15
   8.4963736e+01   1.5786754e-15
   8.5955699e+01   1.6418379e-15
   8.6959244e+01   1.6963773e-15
   8.7974504e+01   1.7470306e-15
   8.8887364e+01   1.7874476e-15
   8.9925136e+01   1.8348361e-15
   9.0975024e+01   1.8711818e-15
   9.1919018e+01   1.9082475e-15
   9.2992185e+01   1.9460474e-15
   9.3955655e+01   1.9781445e-15
   9.4930577e+01   2.0173290e-15
   9.5915616e+01   2.0572896e-15
   9.6909375e+01   2.1048844e-15
   9.7914947e+01   2.1535803e-15
   9.8930952e+01   2.2034892e-15
   9.9955953e+01   2.2544662e-15
   1.0099314e+02   2.3142363e-15
   1.0190851e+02   2.3754977e-15
   1.0296596e+02   2.4305495e-15
   1.0389921e+02   2.4948899e-15
   1.0497731e+02   2.5610340e-15
   1.0592880e+02   2.6202828e-15
   1.0688891e+02   2.6897513e-15
   1.0799803e+02   2.7519779e-15
   1.0897690e+02   2.8157545e-15
   1.0996633e+02   2.8715310e-15
   1.1096304e+02   2.9379630e-15
   1.1196878e+02   2.9961602e-15
   1.1298538e+02   3.0455773e-15
   1.1386309e+02   3.1059063e-15
   1.1489512e+02   3.1674302e-15
   1.1593650e+02   3.2195459e-15
   1.1698912e+02   3.2726475e-15
   1.1789794e+02   3.3266249e-15
   1.1896653e+02   3.3813599e-15
   1.1989071e+02   3.4259569e-15
   1.2097736e+02   3.4823263e-15
   1.2191716e+02   3.5282549e-15
   1.2286425e+02   3.5863075e-15
   1.2397978e+02   3.6334650e-15
   1.2494290e+02   3.6813871e-15
   1.2591350e+02   3.7297948e-15
   1.2689164e+02   3.7788391e-15
   1.2787738e+02   3.8411654e-15
   1.2887078e+02   3.8916742e-15
   1.2987189e+02   3.9430017e-15
   1.3088078e+02   3.9948496e-15
   1.3189751e+02   4.0473791e-15
   1.3292214e+02   4.1007603e-15
   1.3395473e+02   4.1546826e-15
   1.3499533e+02   4.2093139e-15
   1.3586728e+02   4.2648308e-15
   1.3692274e+02   4.3209105e-15
   1.3798641e+02   4.3777275e-15
   1.3887982e+02   4.4354657e-15
   1.3995869e+02   4.4937891e-15
   1.4086487e+02   4.5528794e-15
   1.4195916e+02   4.6129277e-15
   1.4287608e+02   4.6735846e-15
   1.4398599e+02   4.7350391e-15
   1.4491825e+02   4.7974899e-15
   1.4585655e+02   4.8605736e-15
   1.4698961e+02   4.9244869e-15
   1.4793903e+02   4.9730216e-15
   1.4889688e+02   5.0386111e-15
   1.4986093e+02   5.1048655e-15
   1.5082890e+02   5.1551779e-15
   1.5180546e+02   5.2229650e-15
   1.5298474e+02   5.2744414e-15
   1.5397288e+02   5.3264252e-15
   1.5496980e+02   5.3789212e-15
   1.5597317e+02   5.4319347e-15
   1.5698061e+02   5.5035769e-15
   1.5799701e+02   5.5578189e-15
   1.5881338e+02   5.6125955e-15
   1.5984164e+02   5.6679120e-15
   1.6087656e+02   5.7049430e-15
   1.6191567e+02   5.7611697e-15
   1.6296402e+02   5.8179505e-15
   1.6380606e+02   5.8752910e-15
   1.6486665e+02   5.9331965e-15
   1.6593410e+02   5.9916728e-15
   1.6679149e+02   6.0507254e-15
   1.6787140e+02   6.1103600e-15
   1.6895569e+02   6.1505230e-15
   1.6983132e+02   6.2111412e-15
   1.7092827e+02   6.2723568e-15
   1.7181413e+02   6.3341758e-15
   1.7292389e+02   6.3966040e-15
   1.7382008e+02   6.4596475e-15
   1.7494279e+02   6.5233124e-15
   1.7584945e+02   6.5876047e-15
   1.7698528e+02   6.6525307e-15
   1.7790252e+02   6.7180966e-15
   1.7882175e+02   6.7843086e-15
   1.7997677e+02   6.8511733e-15
   1.8090951e+02   6.9186969e-15
   1.8184428e+02   6.9868861e-15
   1.8278388e+02   7.0557473e-15
   1.8396734e+02   7.1485256e-15
   1.8491790e+02   7.2189799e-15
   1.8587626e+02   7.2901286e-15
   1.8683669e+02   7.3862786e-15
   1.8780208e+02   7.4590761e-15
   1.8877538e+02   7.5571580e-15
   1.8999469e+02   7.6565295e-15
   1.9097936e+02   7.7319906e-15
   1.9196616e+02   7.8339684e-15
   1.9295805e+02   7.9369798e-15
   1.9395807e+02   8.0413458e-15
   1.9496026e+02   8.1470841e-15
   1.9596763e+02   8.2545366e-15
   1.9698325e+02   8.3630782e-15
   1.9774689e+02   8.4730470e-15
   1.9876865e+02   8.5847987e-15
   1.9979570e+02   8.6976830e-15
   2.0083116e+02   8.8411382e-15
   2.0186886e+02   8.9573933e-15
   2.0291192e+02   9.1051320e-15
   2.0396353e+02   9.2248584e-15
   2.0475423e+02   9.3770085e-15
   2.0581220e+02   9.5003099e-15
   2.0687564e+02   9.6570032e-15
   2.0794779e+02   9.8158959e-15
   2.0875394e+02   9.9453584e-15
   2.0983258e+02   1.0108996e-14
   2.1091679e+02   1.0242324e-14
   2.1173444e+02   1.0410847e-14
   2.1283178e+02   1.0582558e-14
   2.1393149e+02   1.0721712e-14
   2.1476083e+02   1.0863121e-14
   2.1587050e+02   1.1041859e-14
   2.1698927e+02   1.1187491e-14
   2.1783047e+02   1.1334599e-14
   2.1895600e+02   1.1521546e-14
   2.1980482e+02   1.1673047e-14
   2.2094056e+02   1.1826539e-14
   2.2179707e+02   1.1982521e-14
   2.2294656e+02   1.2140083e-14
   2.2381085e+02   1.2259733e-14
   2.2496729e+02   1.2420940e-14
   2.2583941e+02   1.2584761e-14
   2.2671491e+02   1.2708793e-14
   2.2788636e+02   1.2875905e-14
   2.2876979e+02   1.3002807e-14
   2.2995186e+02   1.3130960e-14
   2.3084330e+02   1.3260376e-14
   2.3173820e+02   1.3434741e-14
   2.3293921e+02   1.3567151e-14
   2.3384224e+02   1.3700866e-14
   2.3474876e+02   1.3835898e-14
   2.3596172e+02   1.3972262e-14
   2.3687646e+02   1.4109970e-14
   2.3779475e+02   1.4249034e-14
   2.3871660e+02   1.4389470e-14
   2.3995006e+02   1.4531289e-14
   2.4088027e+02   1.4674506e-14
   2.4181408e+02   1.4819135e-14
   2.4275151e+02   1.4965189e-14
   2.4369258e+02   1.5112683e-14
   2.4495554e+02   1.5261630e-14
   2.4590515e+02   1.5412045e-14
   2.4685844e+02   1.5563943e-14
   2.4781542e+02   1.5717338e-14
   2.4877612e+02   1.5872244e-14
   2.4974054e+02   1.6028677e-14
   2.5070870e+02   1.6186653e-14
   2.5168062e+02   1.6293046e-14
   2.5298106e+02   1.6453627e-14
   2.5396178e+02   1.6615790e-14
   2.5494631e+02   1.6779552e-14
   2.5593465e+02   1.6889180e-14
   2.5692682e+02   1.7055636e-14
   2.5792284e+02   1.7223733e-14
   2.5892272e+02   1.7336943e-14
   2.5992647e+02   1.7450898e-14
   2.6093412e+02   1.7622890e-14
   2.6194568e+02   1.7738028e-14
   2.6296115e+02   1.7854619e-14
   2.6398056e+02   1.7971977e-14
   2.6466373e+02   1.8089396e-14
   2.6568974e+02   1.8208296e-14
   2.6671973e+02   1.8267681e-14
   2.6775372e+02   1.8387753e-14
   2.6879171e+02   1.8447723e-14
   2.6983372e+02   1.8508614e-14
   2.7087978e+02   1.8568979e-14
   2.7192989e+02   1.8629540e-14
   2.7298407e+02   1.8691031e-14
   2.7368630e+02   1.8751990e-14
   2.7474729e+02   1.8813148e-14
   2.7581239e+02   1.8813148e-14
   2.7688162e+02   1.8875246e-14
   2.7795500e+02   1.8875246e-14
   2.7867433e+02   1.8936806e-14
   2.7975466e+02   1.8998566e-14
   2.8083917e+02   1.9061276e-14
   2.8192789e+02   1.9123443e-14
   2.8265751e+02   1.9185812e-14
   2.8375328e+02   1.9249140e-14
   2.8485329e+02   1.9374903e-14
   2.8595757e+02   1.9438855e-14
   2.8669318e+02   1.9630440e-14
   2.8780459e+02   1.9758695e-14
   2.8892031e+02   1.9953432e-14
   2.8966802e+02   2.0150089e-14
   2.9079097e+02   2.0348683e-14
   2.9191827e+02   2.0616255e-14
   2.9267374e+02   2.0888164e-14
   2.9380834e+02   2.1231850e-14
   2.9494733e+02   2.1582038e-14
   2.9570606e+02   2.1938001e-14
   2.9685242e+02   2.2372564e-14
   2.9762065e+02   2.2815735e-14
   2.9877443e+02   2.3343571e-14
   2.9993268e+02   2.3883617e-14
   3.0070889e+02   2.4516816e-14
   3.0187463e+02   2.5166801e-14
   3.0265119e+02   2.5833006e-14
   3.0382446e+02   2.6517886e-14
   3.0461075e+02   2.7220924e-14
   3.0579162e+02   2.8033732e-14
   3.0697707e+02   2.8870811e-14
   3.0777151e+02   2.9635067e-14
   3.0896464e+02   3.0420747e-14
   3.0975943e+02   3.1329101e-14
   3.1096026e+02   3.2159693e-14
   3.1176501e+02   3.3011010e-14
   3.1297362e+02   3.3886192e-14
   3.1378358e+02   3.4670140e-14
   3.1459076e+02   3.5589308e-14
   3.1581033e+02   3.6412656e-14
   3.1662763e+02   3.7256514e-14
   3.1785509e+02   3.7994517e-14
   3.1867275e+02   3.8747139e-14
   3.1990813e+02   3.9514669e-14
   3.2073604e+02   4.0297403e-14
   3.2197942e+02   4.0960441e-14
   3.2281269e+02   4.1500671e-14
   3.2364310e+02   4.2183508e-14
   3.2489776e+02   4.2738192e-14
   3.2573858e+02   4.3159410e-14
   3.2658157e+02   4.3584780e-14
   3.2784762e+02   4.4014342e-14
   3.2869098e+02   4.4303645e-14
   3.2870116e+02   4.4307122e-14
   3.2997542e+02   4.4598350e-14
   3.3082938e+02   4.4743803e-14
   3.3168555e+02   4.4743803e-14
   3.3297138e+02   4.4889731e-14
   3.3382793e+02   4.4743803e-14
   3.3469186e+02   4.4598350e-14
   3.3598935e+02   4.4451625e-14
   3.3685887e+02   4.4163088e-14
   3.3772541e+02   4.3874702e-14
   3.3859943e+02   4.3446503e-14
   3.3991207e+02   4.3022483e-14
   3.4079174e+02   4.2602601e-14
   3.4166840e+02   4.2049676e-14
   3.4299294e+02   4.1502299e-14
   3.4388059e+02   4.0830490e-14
   3.4476519e+02   4.0298984e-14
   3.4565743e+02   3.9516219e-14
   3.4699743e+02   3.8876559e-14
   3.4789544e+02   3.8121423e-14
   3.4879037e+02   3.7380955e-14
   3.4969303e+02   3.6654870e-14
   3.5059801e+02   3.5942889e-14
   3.5195716e+02   3.5128785e-14
   3.5286255e+02   3.4446446e-14
   3.5377574e+02   3.3667557e-14
   3.5469129e+02   3.2906280e-14
   3.5560371e+02   3.2160955e-14
   3.5698227e+02   3.1433744e-14
   3.5790612e+02   3.0621902e-14
   3.5883236e+02   2.9929492e-14
   3.5975543e+02   2.9252738e-14
   3.6068646e+02   2.8684535e-14
   3.6161990e+02   2.8035932e-14
   3.6255014e+02   2.7491364e-14
   3.6395563e+02   2.6957374e-14
   3.6489752e+02   2.6433755e-14
   3.6584186e+02   2.6004845e-14
   3.6678296e+02   2.5582893e-14
   3.6773218e+02   2.5250861e-14
   3.6867814e+02   2.5004423e-14
   3.6963226e+02   2.4760390e-14
   3.7058885e+02   2.4598705e-14
   3.7154217e+02   2.4439034e-14
   3.7298251e+02   2.4358631e-14
   3.7394777e+02   2.4279446e-14
   3.7587997e+02   2.4279446e-14
   3.7685273e+02   2.4358631e-14
   3.7782800e+02   2.4439034e-14
   3.7879994e+02   2.4518739e-14
   3.7978025e+02   2.4679899e-14
   3.8076311e+02   2.4923139e-14
   3.8174259e+02   2.5085973e-14
   3.8273052e+02   2.5333215e-14
   3.8372101e+02   2.5582893e-14
   3.8470810e+02   2.5920308e-14
   3.8570371e+02   2.6175773e-14
   3.8670189e+02   2.6519967e-14
   3.8769665e+02   2.6868686e-14
   3.8869999e+02   2.7223060e-14
   3.8969990e+02   2.7581024e-14
   3.9070842e+02   2.7943696e-14
   3.9171955e+02   2.8404586e-14
   3.9272722e+02   2.8778087e-14
   3.9374358e+02   2.9156499e-14
   3.9476257e+02   2.9541047e-14
   3.9577807e+02   2.9929492e-14
   3.9680232e+02   3.0323044e-14
   3.9782923e+02   3.0722977e-14
   3.9885261e+02   3.1126964e-14
   3.9988482e+02   3.1536262e-14
   4.0091970e+02   3.1952197e-14
   4.0195104e+02   3.2267110e-14
   4.0299127e+02   3.2691401e-14
   4.0350927e+02   3.3013600e-14
   4.0455353e+02   3.3338975e-14
   4.0560050e+02   3.3667557e-14
   4.0664387e+02   3.3888851e-14
   4.0769625e+02   3.4222852e-14
   4.0875134e+02   3.4446446e-14
   4.0980283e+02   3.4672860e-14
   4.1086338e+02   3.4900762e-14
   4.1192030e+02   3.5128785e-14
   4.1298632e+02   3.5359684e-14
   4.1351717e+02   3.5592101e-14
   4.1458733e+02   3.5708181e-14
   4.1566026e+02   3.5942889e-14
   4.1672952e+02   3.6060113e-14
   4.1780799e+02   3.6297134e-14
   4.1888926e+02   3.6415514e-14
   4.1996682e+02   3.6534279e-14
   4.2051315e+02   3.6654870e-14
   4.2159489e+02   3.6774417e-14
   4.2268596e+02   3.7016133e-14
   4.2377985e+02   3.7136857e-14
   4.2486999e+02   3.7257976e-14
   4.2596953e+02   3.7380955e-14
   4.2651707e+02   3.7502870e-14
   4.2762087e+02   3.7502870e-14
   4.2872753e+02   3.7625182e-14
   4.2983041e+02   3.7747893e-14
   4.3094279e+02   3.7872490e-14
   4.3149671e+02   3.7996007e-14
   4.3261341e+02   3.8119928e-14
   4.3372627e+02   3.8245753e-14
   4.3484873e+02   3.8370488e-14
   4.3597410e+02   3.8495629e-14
   4.3653450e+02   3.8748659e-14
   4.3766423e+02   3.8875034e-14
   4.3879009e+02   3.9003351e-14
   4.3992565e+02   3.9130557e-14
   4.4049113e+02   3.9387760e-14
   4.4163110e+02   3.9516219e-14
   4.4277401e+02   3.9775957e-14
   4.4391302e+02   3.9905682e-14
   4.4449050e+02   4.0167980e-14
   4.4563392e+02   4.0430415e-14
   4.4678720e+02   4.0696162e-14
   4.4794346e+02   4.0963655e-14
   4.4851924e+02   4.1231289e-14
   4.4967999e+02   4.1502299e-14
   4.5083676e+02   4.1911337e-14
   4.5142324e+02   4.2186817e-14
   4.5258450e+02   4.2462443e-14
   4.5375576e+02   4.2880943e-14
   4.5493006e+02   4.3162797e-14
   4.5551482e+02   4.3588200e-14
   4.5668660e+02   4.4017796e-14
   4.5786848e+02   4.4451625e-14
   4.5845702e+02   4.4743803e-14
   4.5964349e+02   4.5184788e-14
   4.6083302e+02   4.5630119e-14
   4.6142537e+02   4.6079840e-14
   4.6261951e+02   4.6533992e-14
   4.6380957e+02   4.6992621e-14
   4.6441293e+02   4.7455770e-14
   4.6560760e+02   4.7923483e-14
   4.6681257e+02   4.8395807e-14
   4.6741261e+02   4.8711998e-14
   4.6862225e+02   4.9192093e-14
   4.6983502e+02   4.9676919e-14
   4.7043894e+02   5.0166524e-14
   4.7165641e+02   5.0660954e-14
   4.7286971e+02   5.1160257e-14
   4.7348486e+02   5.1664481e-14
   4.7470287e+02   5.2173675e-14
   4.7593138e+02   5.2687887e-14
   4.7654313e+02   5.3207167e-14
   4.7777640e+02   5.3556895e-14
   4.7839053e+02   5.4084740e-14
   4.7962858e+02   5.4617787e-14
   4.8086983e+02   5.5156088e-14
   4.8148794e+02   5.5516447e-14
   4.8272653e+02   5.6063605e-14
   4.8397580e+02   5.6616155e-14
   4.8459790e+02   5.6988290e-14
   4.8585202e+02   5.7549954e-14
   4.8647653e+02   5.7928226e-14
   4.8773550e+02   5.8306697e-14
   4.8836243e+02   5.8881355e-14
   4.8962629e+02   5.9268378e-14
   4.9089341e+02   5.9657945e-14
   4.9152440e+02   6.0047718e-14
   4.9279644e+02   6.0442407e-14
   4.9342988e+02   6.0839691e-14
   4.9470685e+02   6.1237184e-14
   4.9534274e+02   6.1639693e-14
   4.9662466e+02   6.2044846e-14
   4.9790219e+02   6.2450213e-14
   4.9854991e+02   6.2860694e-14
   4.9983239e+02   6.3065709e-14
   5.0048262e+02   6.3480235e-14
   5.0177008e+02   6.3687270e-14
   5.0242282e+02   6.4105883e-14
   5.0371527e+02   6.4314958e-14
   5.0437055e+02   6.4737696e-14
   5.0566800e+02   6.4948832e-14
   5.0697665e+02   6.5160656e-14
   5.0762831e+02   6.5588953e-14
   5.0894202e+02   6.5802865e-14
   5.0959621e+02   6.6020065e-14
   5.1091502e+02   6.6235383e-14
   5.1157175e+02   6.6451404e-14
   5.1289567e+02   6.6670744e-14
   5.1355494e+02   6.6888185e-14
   5.1488399e+02   6.7106334e-14
   5.1554582e+02   6.7327836e-14
   5.1688002e+02   6.7547420e-14
   5.1754441e+02   6.7767719e-14
   5.1888379e+02   6.7991405e-14
   5.1955076e+02   6.8213152e-14
   5.2089533e+02   6.8435623e-14
   5.2156488e+02   6.8661513e-14
   5.2291467e+02   6.8661513e-14
   5.2358682e+02   6.8885446e-14
   5.2494183e+02   6.9110109e-14
   5.2561659e+02   6.9110109e-14
   5.2697685e+02   6.9338226e-14
   5.2765422e+02   6.9564366e-14
   5.2833247e+02   6.9564366e-14
   5.2969976e+02   6.9791243e-14
   5.3038063e+02   6.9791243e-14
   5.3175323e+02   7.0021608e-14
   5.3243674e+02   7.0021608e-14
   5.3381466e+02   7.0249977e-14
   5.3450082e+02   7.0249977e-14
   5.3588408e+02   7.0479090e-14
   5.3657290e+02   7.0479090e-14
   5.3796152e+02   7.0711725e-14
   5.3865301e+02   7.0711725e-14
   5.3934539e+02   7.0942345e-14
   5.4074119e+02   7.0942345e-14
   5.4143625e+02   7.1173717e-14
   5.4353522e+02   7.1173717e-14
   5.4494186e+02   7.1408644e-14
   5.4635214e+02   7.1408644e-14
   5.4775759e+02   7.1641537e-14
   5.4847016e+02   7.1641537e-14
   5.4988106e+02   7.1875189e-14
   5.5273087e+02   7.1875189e-14
   5.5344135e+02   7.2112432e-14
   5.5558685e+02   7.2112432e-14
   5.5630100e+02   7.2347620e-14
   5.5990285e+02   7.2347620e-14
   5.6062254e+02   7.2583575e-14
   5.6863569e+02   7.2583575e-14
   5.6936660e+02   7.2823156e-14
   5.7084010e+02   7.2823156e-14
   5.7157385e+02   7.2583575e-14
   5.7750473e+02   7.2583575e-14
   5.7824705e+02   7.2347620e-14
   5.8123487e+02   7.2347620e-14
   5.8273908e+02   7.2112432e-14
   5.8348812e+02   7.2112432e-14
   5.8424718e+02   7.1875189e-14
   5.8575011e+02   7.1875189e-14
   5.8651211e+02   7.1641537e-14
   5.8726600e+02   7.1641537e-14
   5.8878582e+02   7.1408644e-14
   5.8954263e+02   7.1173717e-14
   5.9030043e+02   7.1173717e-14
   5.9182809e+02   7.0942345e-14
   5.9258882e+02   7.0711725e-14
   5.9335971e+02   7.0479090e-14
   5.9488609e+02   7.0249977e-14
   5.9565075e+02   7.0249977e-14
   5.9642562e+02   7.0021608e-14
   5.9795989e+02   6.9564366e-14
   5.9873777e+02   6.9338226e-14
   5.9950738e+02   6.9110109e-14
   6.0027798e+02   6.8885446e-14
   6.0183147e+02   6.8661513e-14
   6.0260505e+02   6.8213152e-14
   6.0338897e+02   6.7991405e-14
   6.0494115e+02   6.7547420e-14
   6.0572811e+02   6.7327836e-14
   6.0650671e+02   6.6888185e-14
   6.0728630e+02   6.6670744e-14
   6.0885793e+02   6.6235383e-14
   6.0964055e+02   6.5802865e-14
   6.1043362e+02   6.5375736e-14
   6.1121827e+02   6.5160656e-14
   6.1280007e+02   6.4737696e-14
   6.1358775e+02   6.4314958e-14
   6.1437645e+02   6.3897487e-14
   6.1517569e+02   6.3480235e-14
   6.1675818e+02   6.3065709e-14
   6.1756052e+02   6.2656347e-14
   6.1835432e+02   6.2247200e-14
   6.1995459e+02   6.1840725e-14
   6.2075147e+02   6.1439314e-14
   6.2154938e+02   6.1038114e-14
   6.2235795e+02   6.0639535e-14
   6.2395892e+02   6.0245921e-14
   6.2477062e+02   5.9852514e-14
   6.2557369e+02   5.9461676e-14
   6.2637780e+02   5.8881355e-14
   6.2718294e+02   5.8499154e-14
   6.2722176e+02   5.8499154e-14
   6.2884498e+02   5.8119433e-14
   6.2965329e+02   5.7739913e-14
   6.3047240e+02   5.7362870e-14
   6.3128280e+02   5.7176395e-14
   6.3291653e+02   5.6803032e-14
   6.3373007e+02   5.6434321e-14
   6.3454466e+02   5.6065804e-14
   6.3537013e+02   5.5699694e-14
   6.3618683e+02   5.5518625e-14
   6.3783325e+02   5.5156088e-14
   6.3865311e+02   5.4976786e-14
   6.3947403e+02   5.4619930e-14
   6.4030591e+02   5.4440235e-14
   6.4195306e+02   5.4263261e-14
   6.4278817e+02   5.4086861e-14
   6.4361440e+02   5.3908921e-14
   6.4444169e+02   5.3733673e-14
   6.4528004e+02   5.3558996e-14
   6.4693998e+02   5.3558996e-14
   6.4777155e+02   5.3382792e-14
   6.5280367e+02   5.3382792e-14
   6.5365289e+02   5.3558996e-14
   6.5449309e+02   5.3733673e-14
   6.5533437e+02   5.3908921e-14
   6.5618688e+02   5.4086861e-14
   6.5787488e+02   5.4440235e-14
   6.5873070e+02   5.4619930e-14
   6.5957742e+02   5.4976786e-14
   6.6042524e+02   5.5338145e-14
   6.6128438e+02   5.5883545e-14
   6.6298548e+02   5.6434321e-14
   6.6384795e+02   5.6990525e-14
   6.6470126e+02   5.7552211e-14
   6.6555566e+02   5.8308984e-14
   6.6642147e+02   5.9075708e-14
   6.6727808e+02   5.9854862e-14
   6.6813579e+02   6.0839691e-14
   6.6986489e+02   6.1843151e-14
   6.7072593e+02   6.2863160e-14
   6.7159847e+02   6.4108397e-14
   6.7246173e+02   6.5378301e-14
   6.7332611e+02   6.6890809e-14
   6.7420203e+02   6.8664206e-14
   6.7593637e+02   7.0481855e-14
   6.7681568e+02   7.2586422e-14
   6.7768565e+02   7.5000576e-14
   6.7855674e+02   7.7744715e-14
   6.7943947e+02   8.0855263e-14
   6.8031281e+02   8.4367826e-14
   6.8118728e+02   8.8316631e-14
   6.8295016e+02   9.2755414e-14
   6.8382801e+02   9.7738841e-14
   6.8470700e+02   1.0265118e-13
   6.8559773e+02   1.0781042e-13
   6.8647899e+02   1.1212389e-13
   6.8736138e+02   1.1547188e-13
   6.8825556e+02   1.1775922e-13
   6.8914023e+02   1.1852860e-13
   6.9092369e+02   1.1814328e-13
   6.9181180e+02   1.1699025e-13
   6.9270105e+02   1.1547188e-13
   6.9360217e+02   1.1359824e-13
   6.9449372e+02   1.1212389e-13
   6.9538641e+02   1.1102961e-13
   6.9629103e+02   1.0994600e-13
   6.9718604e+02   1.0922805e-13
   6.9899032e+02   1.0887297e-13
   6.9988879e+02   1.0851479e-13
   7.0170007e+02   1.0851479e-13
   7.0260203e+02   1.0887297e-13
   7.0350514e+02   1.0922805e-13
   7.0442032e+02   1.0994600e-13
   7.0532578e+02   1.1066433e-13
   7.0623240e+02   1.1139172e-13
   7.0715113e+02   1.1212389e-13
   7.0897022e+02   1.1285644e-13
   7.0989251e+02   1.1396873e-13
   7.1080500e+02   1.1471784e-13
   7.1171866e+02   1.1584848e-13
   7.1264453e+02   1.1660994e-13
   7.1356055e+02   1.1775922e-13
   7.1447776e+02   1.1891983e-13
   7.1540721e+02   1.2009188e-13
   7.1632679e+02   1.2127548e-13
   7.1724755e+02   1.2206782e-13
   7.1816949e+02   1.2327090e-13
   7.1910374e+02   1.2448583e-13
   7.2095359e+02   1.2571273e-13
   7.2189147e+02   1.2653904e-13
   7.2281938e+02   1.2778618e-13
   7.2374848e+02   1.2904561e-13
   7.2469000e+02   1.2989382e-13
   7.2562151e+02   1.3117402e-13
   7.2655421e+02   1.3203104e-13
   7.2749938e+02   1.3333231e-13
   7.2843450e+02   1.3420869e-13
   7.2937082e+02   1.3508554e-13
   7.3031965e+02   1.3597345e-13
   7.3125839e+02   1.3731357e-13
   7.3219834e+02   1.3821613e-13
   7.3315085e+02   1.3911915e-13
   7.3409324e+02   1.4003357e-13
   7.3503683e+02   1.4049028e-13
   7.3693907e+02   1.4141371e-13
   7.3788632e+02   1.4234322e-13
   7.3884623e+02   1.4280746e-13
   7.3979593e+02   1.4374612e-13
   7.4074686e+02   1.4468528e-13
   7.4171049e+02   1.4516285e-13
   7.4266387e+02   1.4563629e-13
   7.4361849e+02   1.4659354e-13
   7.4458585e+02   1.4707164e-13
   7.4554293e+02   1.4755131e-13
   7.4650124e+02   1.4803834e-13
   7.4747236e+02   1.4852115e-13
   7.4843315e+02   1.4900554e-13
   7.4939518e+02   1.4949737e-13
   7.5037006e+02   1.4998494e-13
   7.5133457e+02   1.5047410e-13
   7.5230033e+02   1.5097078e-13
   7.5327899e+02   1.5097078e-13
   7.5424724e+02   1.5146316e-13
   7.5521675e+02   1.5195714e-13
   7.5619920e+02   1.5195714e-13
   7.5717121e+02   1.5245872e-13
   7.5814447e+02   1.5245872e-13
   7.5911898e+02   1.5295595e-13
   7.6010651e+02   1.5295595e-13
   7.6108354e+02   1.5345480e-13
   7.6305318e+02   1.5345480e-13
   7.6403400e+02   1.5396132e-13
   7.6699591e+02   1.5396132e-13
   7.6898085e+02   1.5446345e-13
   7.8298369e+02   1.5446345e-13
   7.8400227e+02   1.5396132e-13
   7.9110825e+02   1.5396132e-13
   7.9212513e+02   1.5345480e-13
   8.1072944e+02   1.5345480e-13
   8.1177155e+02   1.5396132e-13
   8.1387237e+02   1.5396132e-13
   8.1491851e+02   1.5446345e-13
   8.1597863e+02   1.5446345e-13
   8.1702748e+02   1.5496722e-13
   8.1807768e+02   1.5496722e-13
   8.1914190e+02   1.5547263e-13
   8.2019482e+02   1.5547263e-13
   8.2124909e+02   1.5598581e-13
   8.2231744e+02   1.5598581e-13
   8.2337444e+02   1.5649454e-13
   8.2443279e+02   1.5700493e-13
   8.2550529e+02   1.5700493e-13
   8.2656638e+02   1.5752317e-13
   8.2762884e+02   1.5803691e-13
   8.2870549e+02   1.5803691e-13
   8.2977070e+02   1.5855234e-13
   8.3083728e+02   1.5907568e-13
   8.3191811e+02   1.5959449e-13
   8.3191811e+02   1.6011499e-13
   8.3298744e+02   1.6064349e-13
   8.3405816e+02   1.6064349e-13
   8.3514317e+02   1.6116742e-13
   8.3621666e+02   1.6169305e-13
   8.3729152e+02   1.6222676e-13
   8.3838074e+02   1.6275585e-13
   8.3945839e+02   1.6328666e-13
   8.4053742e+02   1.6382563e-13
   8.4161784e+02   1.6435993e-13
   8.4271269e+02   1.6489598e-13
   8.4379590e+02   1.6544026e-13
   8.4488051e+02   1.6597983e-13
   8.4488051e+02   1.6652116e-13
   8.4597960e+02   1.6761569e-13
   8.4706701e+02   1.6816235e-13
   8.4815582e+02   1.6871742e-13
   8.4925918e+02   1.6926767e-13
   8.5035081e+02   1.6981972e-13
   8.5144384e+02   1.7038026e-13
   8.5255147e+02   1.7093594e-13
   8.5364733e+02   1.7205949e-13
   8.5474460e+02   1.7262064e-13
   8.5585652e+02   1.7318363e-13
   8.5695663e+02   1.7375527e-13
   8.5695663e+02   1.7432196e-13
   8.5805816e+02   1.7546776e-13
   8.5917439e+02   1.7604003e-13
   8.6027877e+02   1.7661417e-13
   8.6138456e+02   1.7719018e-13
   8.6250512e+02   1.7835484e-13
   8.6361378e+02   1.7893653e-13
   8.6472386e+02   1.7952716e-13
   8.6584876e+02   1.8011267e-13
   8.6696172e+02   1.8070009e-13
   8.6696172e+02   1.8188782e-13
   8.6807610e+02   1.8248103e-13
   8.6920537e+02   1.8308336e-13
   8.7032264e+02   1.8368047e-13
   8.7144134e+02   1.8488778e-13
   8.7257499e+02   1.8549078e-13
   8.7369658e+02   1.8609574e-13
   8.7481962e+02   1.8671000e-13
   8.7595767e+02   1.8792986e-13
   8.7595767e+02   1.8855017e-13
   8.7708361e+02   1.8916511e-13
   8.7821101e+02   1.8978205e-13
   8.7935346e+02   1.9102948e-13
   8.8048377e+02   1.9165250e-13
   8.8161553e+02   1.9228510e-13
   8.8276242e+02   1.9291222e-13
   8.8389711e+02   1.9354139e-13
   8.8389711e+02   1.9481352e-13
   8.8503326e+02   1.9544889e-13
   8.8618459e+02   1.9609402e-13
   8.8732368e+02   1.9673356e-13
   8.8846424e+02   1.9737519e-13
   8.8960626e+02   1.9802668e-13
   8.9076354e+02   1.9932048e-13
   8.9190851e+02   1.9997839e-13
   8.9190851e+02   2.0063060e-13
   8.9305496e+02   2.0128493e-13
   8.9421673e+02   2.0194933e-13
   8.9536614e+02   2.0260797e-13
   8.9651704e+02   2.0326875e-13
   8.9768330e+02   2.0393170e-13
   8.9883718e+02   2.0460483e-13
   8.9883718e+02   2.0527213e-13
   8.9999253e+02   2.0594160e-13
   9.0116332e+02   2.0662137e-13
   9.0232167e+02   2.0729524e-13
   9.0348150e+02   2.0797132e-13
   9.0465683e+02   2.0865778e-13
   9.0581966e+02   2.0933830e-13
   9.0581966e+02   2.1002104e-13
   9.0698400e+02   2.1071427e-13
   9.0816388e+02   2.1140149e-13
   9.0933122e+02   2.1209096e-13
   9.1050007e+02   2.1279102e-13
   9.1168452e+02   2.1348502e-13
   9.1285639e+02   2.1488824e-13
   9.1402977e+02   2.1488824e-13
   9.1402977e+02   2.1488824e-13
   9.1521882e+02   2.1558908e-13
   9.1639523e+02   2.1629220e-13
   9.1757316e+02   2.1700613e-13
   9.1876681e+02   2.1771388e-13
   9.1994779e+02   2.1842393e-13
   9.2113028e+02   2.1914490e-13
   9.2232856e+02   2.1985962e-13
   9.2351411e+02   2.2057667e-13
   9.2470119e+02   2.2057667e-13
   9.2590412e+02   2.2130474e-13
   9.2590412e+02   2.2202650e-13
   9.2709427e+02   2.2275062e-13
   9.2828595e+02   2.2275062e-13
   9.2949354e+02   2.2348587e-13
   9.2952231e+02   2.2349464e-13
   9.3071711e+02   2.2422354e-13
   9.3192787e+02   2.2496365e-13
   9.3312576e+02   2.2569735e-13
   9.3432519e+02   2.2643344e-13
   9.3554064e+02   2.2643344e-13
   9.3674317e+02   2.2718085e-13
   9.3794725e+02   2.2792177e-13
   9.3916741e+02   2.2866512e-13
   9.4037461e+02   2.2941989e-13
   9.4158336e+02   2.2941989e-13
   9.4280825e+02   2.3016812e-13
   9.4402012e+02   2.3091879e-13
   9.4523356e+02   2.3168100e-13
   9.4646320e+02   2.3168100e-13
   9.4767977e+02   2.3243661e-13
   9.4889791e+02   2.3319468e-13
   9.5013232e+02   2.3396440e-13
   9.5135361e+02   2.3396440e-13
   9.5257647e+02   2.3472745e-13
   9.5381566e+02   2.3549299e-13
   9.5504169e+02   2.3549299e-13
   9.5626929e+02   2.3627030e-13
   9.5749847e+02   2.3627030e-13
   9.5874406e+02   2.3704087e-13
   9.5997642e+02   2.3781396e-13
   9.6121037e+02   2.3781396e-13
   9.6246079e+02   2.3859893e-13
   9.6369793e+02   2.3859893e-13
   9.6493665e+02   2.3937709e-13
   9.6619193e+02   2.4015780e-13
   9.6743386e+02   2.4015780e-13
   9.6867739e+02   2.4095050e-13
   9.6993753e+02   2.4173634e-13
   9.7243263e+02   2.4173634e-13
   9.7369765e+02   2.4252474e-13
   9.7494923e+02   2.4331571e-13
   9.7620242e+02   2.4331571e-13
   9.7747235e+02   2.4411884e-13
   9.7872878e+02   2.4411884e-13
   9.7998683e+02   2.4491501e-13
   9.8126168e+02   2.4491501e-13
   9.8252298e+02   2.4571378e-13
   9.8378591e+02   2.4652482e-13
   9.8633189e+02   2.4652482e-13
   9.8759971e+02   2.4732884e-13
   9.8888447e+02   2.4732884e-13
   9.9015557e+02   2.4813548e-13
   9.9142831e+02   2.4813548e-13
   9.9271804e+02   2.4895452e-13
   9.9399407e+02   2.4976646e-13
   9.9527174e+02   2.4976646e-13
   9.9656648e+02   2.5058105e-13
   9.9784745e+02   2.5140816e-13
   9.9913007e+02   2.5222810e-13
   1.0004298e+03   2.5305072e-13
   1.0017158e+03   2.5471401e-13
   1.0017158e+03   2.5554473e-13
   1.0030034e+03   2.5638823e-13
   1.0043082e+03   2.5806332e-13
   1.0055991e+03   2.5975956e-13
   1.0068917e+03   2.6060674e-13
   1.0068917e+03   2.6231969e-13
   1.0081859e+03   2.6404390e-13
   1.0094975e+03   2.6576902e-13
   1.0107951e+03   2.6751590e-13
   1.0107951e+03   2.6927427e-13
   1.0120943e+03   2.7103356e-13
   1.0134109e+03   2.7281504e-13
   1.0147136e+03   2.7460824e-13
   1.0147136e+03   2.7640238e-13
   1.0160179e+03   2.7821915e-13
   1.0173396e+03   2.8003688e-13
   1.0186473e+03   2.8279686e-13
   1.0199566e+03   2.8465567e-13
   1.0199566e+03   2.8652669e-13
   1.0212835e+03   2.8839870e-13
   1.0225962e+03   2.9029433e-13
   1.0239107e+03   2.9220241e-13
   1.0239107e+03   2.9411150e-13
   1.0252426e+03   2.9604468e-13
   1.0265605e+03   2.9799056e-13
   1.0278800e+03   2.9993747e-13
   1.0278800e+03   3.0190894e-13
   1.0292172e+03   3.0389336e-13
   1.0305401e+03   3.0587884e-13
   1.0318648e+03   3.0688847e-13
   1.0318648e+03   3.0889351e-13
   1.0332071e+03   3.1092385e-13
   1.0345352e+03   3.1193790e-13
   1.0358649e+03   3.1296753e-13
   1.0358649e+03   3.1501229e-13
   1.0372125e+03   3.1605207e-13
   1.0385457e+03   3.1708284e-13
   1.0398806e+03   3.1811698e-13
   1.0398806e+03   3.1915449e-13
   1.0412334e+03   3.2020794e-13
   1.0425718e+03   3.2020794e-13
   1.0439119e+03   3.2125227e-13
   1.0452699e+03   3.2230000e-13
   1.0533900e+03   3.2230000e-13
   1.0547440e+03   3.2125227e-13
   1.0560997e+03   3.2020794e-13
   1.0574736e+03   3.2020794e-13
   1.0588329e+03   3.1915449e-13
   1.0601939e+03   3.1811698e-13
   1.0615566e+03   3.1708284e-13
   1.0629376e+03   3.1605207e-13
   1.0643039e+03   3.1501229e-13
   1.0656719e+03   3.1398824e-13
   1.0670582e+03   3.1296753e-13
   1.0684298e+03   3.1193790e-13
   1.0698032e+03   3.1092385e-13
   1.0698032e+03   3.0991309e-13
   1.0711949e+03   3.0889351e-13
   1.0725718e+03   3.0889351e-13
   1.0739504e+03   3.0788936e-13
   1.0739504e+03   3.0688847e-13
   1.0753475e+03   3.0587884e-13
   1.0767298e+03   3.0488448e-13
   1.0781138e+03   3.0389336e-13
   1.0795163e+03   3.0389336e-13
   1.0809039e+03   3.0190894e-13
   1.0822933e+03   3.0190894e-13
   1.0822933e+03   3.0190894e-13
   1.0837012e+03   3.0092749e-13
   1.0935236e+03   3.0092749e-13
   1.0949292e+03   3.0190894e-13
   1.0963536e+03   3.0190894e-13
   1.0977628e+03   3.0289358e-13
   1.0991739e+03   3.0389336e-13
   1.1006038e+03   3.0488448e-13
   1.1020185e+03   3.0587884e-13
   1.1034350e+03   3.0587884e-13
   1.1048704e+03   3.0688847e-13
   1.1048704e+03   3.0788936e-13
   1.1062906e+03   3.0889351e-13
   1.1077126e+03   3.0991309e-13
   1.1077126e+03   3.1092385e-13
   1.1091537e+03   3.1193790e-13
   1.1105793e+03   3.1296753e-13
   1.1105793e+03   3.1398824e-13
   1.1120069e+03   3.1501229e-13
   1.1134535e+03   3.1605207e-13
   1.1148847e+03   3.1708284e-13
   1.1148847e+03   3.1811698e-13
   1.1163178e+03   3.2020794e-13
   1.1177700e+03   3.2125227e-13
   1.1177700e+03   3.2230000e-13
   1.1192067e+03   3.2336384e-13
   1.1206453e+03   3.2547652e-13
   1.1206453e+03   3.2655084e-13
   1.1220858e+03   3.2868434e-13
   1.1235455e+03   3.2976925e-13
   1.1235455e+03   3.3084477e-13
   1.1249897e+03   3.3301939e-13
   1.1264358e+03   3.3410550e-13
   1.1279011e+03   3.3630155e-13
   1.1279011e+03   3.3739837e-13
   1.1293509e+03   3.3961607e-13
   1.1308026e+03   3.4072369e-13
   1.1308026e+03   3.4296325e-13
   1.1322736e+03   3.4408179e-13
   1.1337290e+03   3.4634342e-13
   1.1337290e+03   3.4747298e-13
   1.1351863e+03   3.4975690e-13
   1.1366631e+03   3.5089760e-13
   1.1366631e+03   3.5320403e-13
   1.1381241e+03   3.5435597e-13
   1.1395870e+03   3.5668513e-13
   1.1395870e+03   3.5784842e-13
   1.1410695e+03   3.6020054e-13
   1.1425362e+03   3.6137530e-13
   1.1425362e+03   3.6375059e-13
   1.1440048e+03   3.6493693e-13
   1.1454931e+03   3.6732123e-13
   1.1469655e+03   3.6853367e-13
   1.1469655e+03   3.7094147e-13
   1.1484398e+03   3.7216586e-13
   1.1499337e+03   3.7459738e-13
   1.1499337e+03   3.7583384e-13
   1.1514119e+03   3.7705959e-13
   1.1528919e+03   3.7953798e-13
   1.1528919e+03   3.8077580e-13
   1.1543917e+03   3.8327862e-13
   1.1558755e+03   3.8452865e-13
   1.1558755e+03   3.8578275e-13
   1.1573612e+03   3.8705613e-13
   1.1588668e+03   3.8958494e-13
   1.1588668e+03   3.9087087e-13
   1.1603564e+03   3.9214566e-13
   1.1618479e+03   3.9342460e-13
   1.1618479e+03   3.9472320e-13
   1.1633594e+03   3.9730211e-13
   1.1648547e+03   3.9861351e-13
   1.1648547e+03   3.9991355e-13
   1.1663520e+03   4.0121783e-13
   1.1678693e+03   4.0385501e-13
   1.1693705e+03   4.0385501e-13
   1.1693705e+03   4.0385501e-13
   1.1708736e+03   4.0517214e-13
   1.1708736e+03   4.0650952e-13
   1.1723968e+03   4.0783531e-13
   1.1739038e+03   4.0916543e-13
   1.1754127e+03   4.1051599e-13
   1.1769418e+03   4.1185485e-13
   1.1784546e+03   4.1319807e-13
   1.1799694e+03   4.1456194e-13
   1.1814861e+03   4.1591400e-13
   1.1830231e+03   4.1591400e-13
   1.1845437e+03   4.1727046e-13
   1.1860663e+03   4.1727046e-13
   1.1876092e+03   4.1863135e-13
   1.1891358e+03   4.1863135e-13
   1.1906643e+03   4.2001316e-13
   1.1952801e+03   4.2001316e-13
   1.1968350e+03   4.2138299e-13
   1.1999138e+03   4.2138299e-13
   1.2014747e+03   4.2275729e-13
   1.2061325e+03   4.2275729e-13
   1.2076828e+03   4.2415271e-13
   1.2123646e+03   4.2415271e-13
   1.2139229e+03   4.2553605e-13
   1.2155021e+03   4.2553605e-13
   1.2170645e+03   4.2692389e-13
   1.2186289e+03   4.2692389e-13
   1.2202142e+03   4.2833307e-13
   1.2217827e+03   4.2973004e-13
   1.2233531e+03   4.2973004e-13
   1.2249446e+03   4.3113156e-13
   1.2265191e+03   4.3255462e-13
   1.2280957e+03   4.3396536e-13
   1.2296933e+03   4.3538070e-13
   1.2312739e+03   4.3538070e-13
   1.2344604e+03   4.3824243e-13
   1.2344604e+03   4.3967171e-13
   1.2360471e+03   4.4112297e-13
   1.2376359e+03   4.4256165e-13
   1.2392460e+03   4.4400502e-13
   1.2408389e+03   4.4547058e-13
   1.2424338e+03   4.4692344e-13
   1.2424338e+03   4.4838103e-13
   1.2440308e+03   4.4986103e-13
   1.2456492e+03   4.5132821e-13
   1.2472503e+03   4.5280018e-13
   1.2488535e+03   4.5429477e-13
   1.2488535e+03   4.5577641e-13
   1.2504782e+03   4.5726288e-13
   1.2520855e+03   4.5877219e-13
   1.2536949e+03   4.6026844e-13
   1.2536949e+03   4.6176956e-13
   1.2553258e+03   4.6329375e-13
   1.2569394e+03   4.6480474e-13
   1.2585551e+03   4.6632066e-13
   1.2585551e+03   4.6785987e-13
   1.2601923e+03   4.6938575e-13
   1.2618122e+03   4.7091661e-13
   1.2634341e+03   4.7247100e-13
   1.2650777e+03   4.7401192e-13
   1.2683320e+03   4.7710885e-13
   1.2683320e+03   4.7868367e-13
   1.2699819e+03   4.8024485e-13
   1.2716144e+03   4.8181113e-13
   1.2732489e+03   4.8181113e-13
   1.2765440e+03   4.8497804e-13
   1.2765440e+03   4.8655975e-13
   1.2781848e+03   4.8655975e-13
   1.2798476e+03   4.8816577e-13
   1.2814927e+03   4.8975788e-13
   1.2831399e+03   4.9135518e-13
   1.2848091e+03   4.9297702e-13
   1.2864606e+03   4.9458482e-13
   1.2881142e+03   4.9458482e-13
   1.2897899e+03   4.9619786e-13
   1.2914478e+03   4.9783570e-13
   1.2931078e+03   4.9945934e-13
   1.2947900e+03   5.0108828e-13
   1.2964543e+03   5.0274225e-13
   1.2981208e+03   5.0274225e-13
   1.2998095e+03   5.0438190e-13
   1.2998497e+03   5.0442148e-13
   1.3015205e+03   5.0606660e-13
   1.3031935e+03   5.0773701e-13
   1.3048888e+03   5.0939294e-13
   1.3065661e+03   5.1105428e-13
   1.3082455e+03   5.1274115e-13
   1.3099474e+03   5.1441341e-13
   1.3116312e+03   5.1609112e-13
   1.3133171e+03   5.1779461e-13
   1.3133171e+03   5.1948335e-13
   1.3150256e+03   5.2117760e-13
   1.3167159e+03   5.2289788e-13
   1.3184084e+03   5.2460326e-13
   1.3184084e+03   5.2631421e-13
   1.3201235e+03   5.2805145e-13
   1.3218204e+03   5.2977364e-13
   1.3218204e+03   5.3150145e-13
   1.3235195e+03   5.3325581e-13
   1.3235195e+03   5.3499497e-13
   1.3252412e+03   5.3673981e-13
   1.3269447e+03   5.3851146e-13
   1.3269447e+03   5.4026776e-13
   1.3286503e+03   5.4202979e-13
   1.3286503e+03   5.4381891e-13
   1.3303787e+03   5.4559252e-13
   1.3303787e+03   5.4737192e-13
   1.3320888e+03   5.4915712e-13
   1.3338010e+03   5.5096976e-13
   1.3338010e+03   5.5456949e-13
   1.3355362e+03   5.5640000e-13
   1.3355362e+03   5.5821464e-13
   1.3372528e+03   5.6003521e-13
   1.3389717e+03   5.6188375e-13
   1.3389717e+03   5.6555479e-13
   1.3406928e+03   5.6742155e-13
   1.3406928e+03   5.6927215e-13
   1.3424369e+03   5.7112877e-13
   1.3424369e+03   5.7301393e-13
   1.3441625e+03   5.7675769e-13
   1.3458902e+03   5.7866143e-13
   1.3458902e+03   5.8054868e-13
   1.3476411e+03   5.8244209e-13
   1.3476411e+03   5.8436459e-13
   1.3493733e+03   5.8627044e-13
   1.3493733e+03   5.8818251e-13
   1.3511078e+03   5.9204859e-13
   1.3528654e+03   5.9397950e-13
   1.3528654e+03   5.9594009e-13
   1.3546044e+03   5.9788369e-13
   1.3546044e+03   5.9983364e-13
   1.3563456e+03   6.0181355e-13
   1.3563456e+03   6.0377630e-13
   1.3581100e+03   6.0574546e-13
   1.3598557e+03   6.0774489e-13
   1.3598557e+03   6.0972699e-13
   1.3616037e+03   6.1171556e-13
   1.3633750e+03   6.1373469e-13
   1.3633750e+03   6.1573632e-13
   1.3651274e+03   6.1774449e-13
   1.3668822e+03   6.1978352e-13
   1.3686603e+03   6.2180488e-13
   1.3704196e+03   6.2383284e-13
   1.3721811e+03   6.2586741e-13
   1.3739662e+03   6.2793326e-13
   1.3757322e+03   6.2793326e-13
   1.3775006e+03   6.2998120e-13
   1.3864194e+03   6.2998120e-13
   1.3882015e+03   6.2793326e-13
   1.3917941e+03   6.2793326e-13
   1.3935831e+03   6.2586741e-13
   1.3953960e+03   6.2383284e-13
   1.3971896e+03   6.2180488e-13
   1.3989856e+03   6.2180488e-13
   1.4008055e+03   6.1978352e-13
   1.4026061e+03   6.1774449e-13
   1.4044089e+03   6.1573632e-13
   1.4062359e+03   6.1573632e-13
   1.4080435e+03   6.1373469e-13
   1.4098534e+03   6.1171556e-13
   1.4116656e+03   6.1171556e-13
   1.4135020e+03   6.0972699e-13
   1.4153189e+03   6.0972699e-13
   1.4171381e+03   6.0774489e-13
   1.4263136e+03   6.0774489e-13
   1.4281470e+03   6.0972699e-13
   1.4300048e+03   6.0972699e-13
   1.4318429e+03   6.1171556e-13
   1.4355485e+03   6.1573632e-13
   1.4355485e+03   6.1774449e-13
   1.4373937e+03   6.1978352e-13
   1.4373937e+03   6.2180488e-13
   1.4392413e+03   6.2383284e-13
   1.4392413e+03   6.2586741e-13
   1.4411136e+03   6.2793326e-13
   1.4429660e+03   6.2998120e-13
   1.4429660e+03   6.3203583e-13
   1.4448208e+03   6.3412203e-13
   1.4448208e+03   6.3619016e-13
   1.4467003e+03   6.4037179e-13
   1.4467003e+03   6.4246031e-13
   1.4485599e+03   6.4455563e-13
   1.4485599e+03   6.4879225e-13
   1.4504219e+03   6.5090823e-13
   1.4504219e+03   6.5305672e-13
   1.4523087e+03   6.5732343e-13
   1.4523087e+03   6.5949310e-13
   1.4541755e+03   6.6380187e-13
   1.4541755e+03   6.6599292e-13
   1.4560447e+03   6.7034415e-13
   1.4579388e+03   6.7255680e-13
   1.4579388e+03   6.7695092e-13
   1.4598128e+03   6.7918537e-13
   1.4598128e+03   6.8362279e-13
   1.4616893e+03   6.8587927e-13
   1.4616893e+03   6.9036043e-13
   1.4635907e+03   6.9263915e-13
   1.4635907e+03   6.9716447e-13
   1.4654720e+03   6.9946565e-13
   1.4654720e+03   7.0403557e-13
   1.4673557e+03   7.0635942e-13
   1.4673557e+03   7.1097439e-13
   1.4692646e+03   7.1329316e-13
   1.4692646e+03   7.1798159e-13
   1.4711532e+03   7.2032322e-13
   1.4711532e+03   7.2505786e-13
   1.4730442e+03   7.2742257e-13
   1.4749604e+03   7.3220387e-13
   1.4749604e+03   7.3459188e-13
   1.4768563e+03   7.3701660e-13
   1.4768563e+03   7.4183186e-13
   1.4787547e+03   7.4428047e-13
   1.4787547e+03   7.4670787e-13
   1.4806784e+03   7.4914319e-13
   1.4806784e+03   7.5406726e-13
   1.4825816e+03   7.5652658e-13
   1.4825816e+03   7.5902370e-13
   1.4844873e+03   7.6149918e-13
   1.4844873e+03   7.6398274e-13
   1.4863954e+03   7.6650447e-13
   1.4863954e+03   7.6900435e-13
   1.4883291e+03   7.7151238e-13
   1.4883291e+03   7.7405896e-13
   1.4921577e+03   7.7911624e-13
   1.4921577e+03   7.8168792e-13
   1.4940988e+03   7.8423732e-13
   1.4960193e+03   7.8679504e-13
   1.4979423e+03   7.8939206e-13
   1.4998909e+03   7.9196659e-13
   1.5018189e+03   7.9196659e-13
   1.5037493e+03   7.9454951e-13
   1.5057055e+03   7.9454951e-13
   1.5076409e+03   7.9717213e-13
   1.5174024e+03   7.9717213e-13
   1.5193528e+03   7.9454951e-13
   1.5232848e+03   7.9454951e-13
   1.5252429e+03   7.9196659e-13
   1.5291901e+03   7.9196659e-13
   1.5311557e+03   7.8939206e-13
   1.5331238e+03   7.8939206e-13
   1.5351183e+03   7.8679504e-13
   1.5410694e+03   7.8679504e-13
   1.5430503e+03   7.8423732e-13
   1.5490322e+03   7.8423732e-13
   1.5510233e+03   7.8679504e-13
   1.5550372e+03   7.8679504e-13
   1.5570361e+03   7.8939206e-13
   1.5590616e+03   7.9196659e-13
   1.5610656e+03   7.9196659e-13
   1.5630722e+03   7.9454951e-13
   1.5651055e+03   7.9717213e-13
   1.5671173e+03   7.9977204e-13
   1.5691317e+03   8.0238042e-13
   1.5731925e+03   8.0765441e-13
   1.5731925e+03   8.1028850e-13
   1.5752147e+03   8.1296307e-13
   1.5772394e+03   8.1561447e-13
   1.5792912e+03   8.1827452e-13
   1.5792912e+03   8.2094325e-13
   1.5813212e+03   8.2365299e-13
   1.5833539e+03   8.2633926e-13
   1.5833539e+03   8.2903429e-13
   1.5854136e+03   8.3177073e-13
   1.5874515e+03   8.3448347e-13
   1.5874515e+03   8.3720506e-13
   1.5894920e+03   8.3996848e-13
   1.5915597e+03   8.4270796e-13
   1.5915597e+03   8.4545637e-13
   1.5956539e+03   8.5101350e-13
   1.5956539e+03   8.5378900e-13
   1.5977297e+03   8.5660716e-13
   1.5977297e+03   8.5940090e-13
   1.5997834e+03   8.6220376e-13
   1.6018397e+03   8.6504969e-13
   1.6018397e+03   8.6787097e-13
   1.6039235e+03   8.7070145e-13
   1.6039235e+03   8.7357543e-13
   1.6080495e+03   8.7928289e-13
   1.6080495e+03   8.8218519e-13
   1.6122111e+03   8.8794891e-13
   1.6122111e+03   8.9087982e-13
   1.6142834e+03   8.9378534e-13
   1.6163834e+03   8.9670033e-13
   1.6205414e+03   9.0259429e-13
   1.6205414e+03   9.0553801e-13
   1.6226496e+03   9.0852698e-13
   1.6247353e+03   9.1149006e-13
   1.6268237e+03   9.1446280e-13
   1.6310338e+03   9.2047350e-13
   1.6310338e+03   9.2347554e-13
   1.6331304e+03   9.2347554e-13
   1.6352549e+03   9.2652371e-13
   1.6373568e+03   9.2954548e-13
   1.6394615e+03   9.3257711e-13
   1.6415942e+03   9.3561862e-13
   1.6437043e+03   9.3870688e-13
   1.6458171e+03   9.3870688e-13
   1.6479581e+03   9.4483987e-13
   1.6500764e+03   9.4483987e-13
   1.6500764e+03   9.4483987e-13
   1.6521974e+03   9.4795857e-13
   1.6543211e+03   9.5105024e-13
   1.6564732e+03   9.5415200e-13
   1.6586024e+03   9.5730144e-13
   1.6607343e+03   9.5730144e-13
   1.6628948e+03   9.6355591e-13
   1.6650322e+03   9.6355591e-13
   1.6650322e+03   9.6355591e-13
   1.6671724e+03   9.6673639e-13
   1.6693412e+03   9.6988931e-13
   1.6714870e+03   9.7305251e-13
   1.6736355e+03   9.7626433e-13
   1.6758127e+03   9.7944832e-13
   1.6779668e+03   9.8264270e-13
   1.6801236e+03   9.8588617e-13
   1.6823093e+03   9.8910155e-13
   1.6866369e+03   9.9560285e-13
   1.6866369e+03   9.9884991e-13
   1.6888310e+03   1.0021076e-12
   1.6931754e+03   1.0086944e-12
   1.6931754e+03   1.0119841e-12
   1.6953781e+03   1.0153244e-12
   1.6975573e+03   1.0186358e-12
   1.7019505e+03   1.0253313e-12
   1.7019505e+03   1.0320302e-12
   1.7041381e+03   1.0354367e-12
   1.7063286e+03   1.0388137e-12
   1.7107445e+03   1.0456417e-12
   1.7107445e+03   1.0490520e-12
   1.7129435e+03   1.0524734e-12
   1.7129435e+03   1.0559473e-12
   1.7151718e+03   1.0593912e-12
   1.7195840e+03   1.0663127e-12
   1.7195840e+03   1.0698323e-12
   1.7218210e+03   1.0733215e-12
   1.7218210e+03   1.0768220e-12
   1.7240342e+03   1.0803764e-12
   1.7262502e+03   1.0838999e-12
   1.7307177e+03   1.0910243e-12
   1.7307177e+03   1.0945826e-12
   1.7351967e+03   1.1017772e-12
   1.7351967e+03   1.1053706e-12
   1.7374271e+03   1.1089756e-12
   1.7396604e+03   1.1126361e-12
   1.7418965e+03   1.1162648e-12
   1.7441625e+03   1.1199054e-12
   1.7464044e+03   1.1236020e-12
   1.7486493e+03   1.1272665e-12
   1.7509240e+03   1.1309430e-12
   1.7531747e+03   1.1346760e-12
   1.7554282e+03   1.1383766e-12
   1.7577118e+03   1.1420893e-12
   1.7599711e+03   1.1458591e-12
   1.7622334e+03   1.1458591e-12
   1.7645258e+03   1.1495962e-12
   1.7667940e+03   1.1533455e-12
   1.7690650e+03   1.1533455e-12
   1.7713663e+03   1.1571524e-12
   1.7736432e+03   1.1571524e-12
   1.7759230e+03   1.1609263e-12
   1.7782333e+03   1.1609263e-12
   1.7782884e+03   1.1610174e-12
   1.7805741e+03   1.1648040e-12
   1.7828629e+03   1.1648040e-12
   1.7851822e+03   1.1686487e-12
   1.7874768e+03   1.1686487e-12
   1.7897744e+03   1.1724602e-12
   1.7921027e+03   1.1724602e-12
   1.7944063e+03   1.1762840e-12
   1.7967128e+03   1.1762840e-12
   1.7990501e+03   1.1801667e-12
   1.8013626e+03   1.1801667e-12
   1.8036780e+03   1.1840157e-12
   1.8060244e+03   1.1878772e-12
   1.8083459e+03   1.1878772e-12
   1.8106703e+03   1.1917981e-12
   1.8130258e+03   1.1956851e-12
   1.8153562e+03   1.1995847e-12
   1.8176897e+03   1.2035442e-12
   1.8200543e+03   1.2074695e-12
   1.8223937e+03   1.2114075e-12
   1.8247362e+03   1.2154061e-12
   1.8294585e+03   1.2233469e-12
   1.8294585e+03   1.2273849e-12
   1.8318101e+03   1.2313879e-12
   1.8365507e+03   1.2394817e-12
   1.8365507e+03   1.2435242e-12
   1.8412751e+03   1.2516978e-12
   1.8412751e+03   1.2557801e-12
   1.8436704e+03   1.2598757e-12
   1.8436704e+03   1.2639846e-12
   1.8460403e+03   1.2681567e-12
   1.8484131e+03   1.2722927e-12
   1.8484131e+03   1.2764422e-12
   1.8508177e+03   1.2806554e-12
   1.8508177e+03   1.2848322e-12
   1.8531967e+03   1.2890225e-12
   1.8555788e+03   1.2932773e-12
   1.8555788e+03   1.2974952e-12
   1.8579927e+03   1.3017268e-12
   1.8579927e+03   1.3060235e-12
   1.8603810e+03   1.3102830e-12
   1.8627723e+03   1.3145564e-12
   1.8627723e+03   1.3231969e-12
   1.8651955e+03   1.3275123e-12
   1.8699936e+03   1.3362380e-12
   1.8699936e+03   1.3450210e-12
   1.8724263e+03   1.3494077e-12
   1.8748331e+03   1.3538086e-12
   1.8748331e+03   1.3627071e-12
   1.8772430e+03   1.3671515e-12
   1.8796850e+03   1.3716641e-12
   1.8796850e+03   1.3761377e-12
   1.8845204e+03   1.3851829e-12
   1.8845204e+03   1.3897006e-12
   1.8869719e+03   1.3942329e-12
   1.8869719e+03   1.3988350e-12
   1.8893974e+03   1.4033972e-12
   1.8918260e+03   1.4079742e-12
   1.8918260e+03   1.4126216e-12
   1.8967220e+03   1.4218509e-12
   1.8967220e+03   1.4311966e-12
   1.8991600e+03   1.4358643e-12
   1.9040749e+03   1.4453022e-12
   1.9040749e+03   1.4500159e-12
   1.9065224e+03   1.4547450e-12
   1.9090026e+03   1.4595468e-12
   1.9114564e+03   1.4643069e-12
   1.9164032e+03   1.4739317e-12
   1.9164032e+03   1.4787388e-12
   1.9188665e+03   1.4835616e-12
   1.9213330e+03   1.4884585e-12
   1.9238324e+03   1.4933129e-12
   1.9263053e+03   1.4981832e-12
   1.9287813e+03   1.4981832e-12
   1.9312606e+03   1.5031284e-12
   1.9337729e+03   1.5080307e-12
   1.9362586e+03   1.5080307e-12
   1.9387474e+03   1.5129490e-12
   1.9563500e+03   1.5129490e-12
   1.9588646e+03   1.5080307e-12
   1.9613825e+03   1.5080307e-12
   1.9639341e+03   1.5031284e-12
   1.9664585e+03   1.4981832e-12
   1.9689862e+03   1.4933129e-12
   1.9715476e+03   1.4884585e-12
   1.9740818e+03   1.4835616e-12
   1.9791906e+03   1.4739317e-12
   1.9791906e+03   1.4690826e-12
   1.9817347e+03   1.4643069e-12
   1.9817347e+03   1.4595468e-12
   1.9842820e+03   1.4547450e-12
   1.9868633e+03   1.4500159e-12
   1.9868633e+03   1.4453022e-12
   1.9894172e+03   1.4405473e-12
   1.9894172e+03   1.4358643e-12
   1.9919743e+03   1.4311966e-12
   1.9919743e+03   1.4265441e-12
   1.9945657e+03   1.4218509e-12
   1.9945657e+03   1.4126216e-12
   1.9971295e+03   1.4079742e-12
   1.9996966e+03   1.4033972e-12
   1.9996966e+03   1.3942329e-12
   2.0048717e+03   1.3851829e-12
   2.0048717e+03   1.3761377e-12
   2.0074487e+03   1.3716641e-12
   2.0074487e+03   1.3671515e-12
   2.0100602e+03   1.3627071e-12
   2.0100602e+03   1.3582772e-12
   2.0126439e+03   1.3538086e-12
   2.0126439e+03   1.3494077e-12
   2.0178525e+03   1.3405960e-12
   2.0178525e+03   1.3318941e-12
   2.0230433e+03   1.3231969e-12
   2.0230433e+03   1.3188954e-12
   2.0256750e+03   1.3145564e-12
   2.0282788e+03   1.3102830e-12
   2.0308859e+03   1.3060235e-12
   2.0334964e+03   1.3017268e-12
   2.0413796e+03   1.3017268e-12
   2.0440352e+03   1.3060235e-12
   2.0466626e+03   1.3102830e-12
   2.0492934e+03   1.3145564e-12
   2.0519592e+03   1.3188954e-12
   2.0519592e+03   1.3231969e-12
   2.0545968e+03   1.3275123e-12
   2.0545968e+03   1.3362380e-12
   2.0572378e+03   1.3405960e-12
   2.0572378e+03   1.3450210e-12
   2.0599140e+03   1.3494077e-12
   2.0599140e+03   1.3582772e-12
   2.0625618e+03   1.3671515e-12
   2.0625618e+03   1.3761377e-12
   2.0652130e+03   1.3851829e-12
   2.0652130e+03   1.3897006e-12
   2.0678996e+03   1.3988350e-12
   2.0678996e+03   1.4126216e-12
   2.0705577e+03   1.4172287e-12
   2.0705577e+03   1.4311966e-12
   2.0732191e+03   1.4406038e-12
   2.0732191e+03   1.4500159e-12
   2.0759161e+03   1.4548021e-12
   2.0759161e+03   1.4739317e-12
   2.0785845e+03   1.4835616e-12
   2.0785845e+03   1.4981832e-12
   2.0812563e+03   1.5080307e-12
   2.0812563e+03   1.5179429e-12
   2.0839638e+03   1.5278603e-12
   2.0839638e+03   1.5480114e-12
   2.0866425e+03   1.5581252e-12
   2.0866425e+03   1.5734817e-12
   2.0893246e+03   1.5838241e-12
   2.0893246e+03   1.5942345e-12
   2.0920426e+03   1.6046504e-12
   2.0920426e+03   1.6258142e-12
   2.0947317e+03   1.6364364e-12
   2.0947317e+03   1.6580195e-12
   2.0974242e+03   1.6688521e-12
   2.0974242e+03   1.6908627e-12
   2.1001527e+03   1.7019098e-12
   2.1001527e+03   1.7130964e-12
   2.1028523e+03   1.7243564e-12
   2.1028523e+03   1.7413513e-12
   2.1055552e+03   1.7527284e-12
   2.1055552e+03   1.7758452e-12
   2.1082943e+03   1.7874476e-12
   2.1082943e+03   1.7991964e-12
   2.1110043e+03   1.8050643e-12
   2.1110043e+03   1.8288714e-12
   2.1137178e+03   1.8408203e-12
   2.1137178e+03   1.8589630e-12
   2.1164675e+03   1.8711818e-12
   2.1164675e+03   1.8896238e-12
   2.1191880e+03   1.9019695e-12
   2.1191880e+03   1.9144711e-12
   2.1219119e+03   1.9207149e-12
   2.1219119e+03   1.9396451e-12
   2.1246723e+03   1.9523942e-12
   2.1246723e+03   1.9716366e-12
   2.1274033e+03   1.9780669e-12
   2.1274033e+03   1.9975623e-12
   2.1301379e+03   2.0106921e-12
   2.1301379e+03   2.0172498e-12
   2.1329090e+03   2.0239083e-12
   2.1329090e+03   2.0438555e-12
   2.1356506e+03   2.0505213e-12
   2.1356506e+03   2.0707308e-12
   2.1383957e+03   2.0774843e-12
   2.1383957e+03   2.0911395e-12
   2.1411775e+03   2.0979595e-12
   2.1411775e+03   2.1048844e-12
   2.1439298e+03   2.1117493e-12
   2.1439298e+03   2.1256297e-12
   2.1466856e+03   2.1325622e-12
   2.1466856e+03   2.1465794e-12
   2.1494449e+03   2.1535803e-12
   2.1494449e+03   2.1606040e-12
   2.1522411e+03   2.1677356e-12
   2.1550075e+03   2.1748055e-12
   2.1550075e+03   2.1818984e-12
   2.1577776e+03   2.1891003e-12
   2.1577776e+03   2.1962399e-12
   2.1633618e+03   2.2106756e-12
   2.1633618e+03   2.2178855e-12
   2.1661425e+03   2.2251190e-12
   2.1689604e+03   2.2324636e-12
   2.1717484e+03   2.2397445e-12
   2.1745399e+03   2.2397445e-12
   2.1773688e+03   2.2470493e-12
   2.1801675e+03   2.2470493e-12
   2.1829699e+03   2.2544662e-12
   2.1942833e+03   2.2544662e-12
   2.1971039e+03   2.2470493e-12
   2.2027898e+03   2.2470493e-12
   2.2056213e+03   2.2397445e-12
   2.2084564e+03   2.2324636e-12
   2.2113293e+03   2.2324636e-12
   2.2141717e+03   2.2251190e-12
   2.2170178e+03   2.2178855e-12
   2.2199019e+03   2.2178855e-12
   2.2227553e+03   2.2106756e-12
   2.2256124e+03   2.2034027e-12
   2.2285077e+03   2.1962399e-12
   2.2313722e+03   2.1891003e-12
   2.2342404e+03   2.1818984e-12
   2.2371469e+03   2.1748055e-12
   2.2400225e+03   2.1677356e-12
   2.2429018e+03   2.1606040e-12
   2.2458196e+03   2.1535803e-12
   2.2487063e+03   2.1465794e-12
   2.2545258e+03   2.1325622e-12
   2.2545258e+03   2.1256297e-12
   2.2574238e+03   2.1186366e-12
   2.2603254e+03   2.1186366e-12
   2.2632308e+03   2.1117493e-12
   2.2661751e+03   2.1048844e-12
   2.2690880e+03   2.0979595e-12
   2.2720046e+03   2.0979595e-12
   2.2749603e+03   2.0911395e-12
   2.2778845e+03   2.0843416e-12
   2.2808124e+03   2.0843416e-12
   2.2837795e+03   2.0774843e-12
   2.2985306e+03   2.0774843e-12
   2.3015207e+03   2.0843416e-12
   2.3044791e+03   2.0911395e-12
   2.3074412e+03   2.0911395e-12
   2.3104429e+03   2.0979595e-12
   2.3134128e+03   2.1048844e-12
   2.3193998e+03   2.1186366e-12
   2.3193998e+03   2.1256297e-12
   2.3253662e+03   2.1395174e-12
   2.3253662e+03   2.1535803e-12
   2.3313842e+03   2.1677356e-12
   2.3313842e+03   2.1818984e-12
   2.3343809e+03   2.1891003e-12
   2.3343809e+03   2.1962399e-12
   2.3374177e+03   2.2034027e-12
   2.3374177e+03   2.2106756e-12
   2.3404222e+03   2.2178855e-12
   2.3404222e+03   2.2324636e-12
   2.3434305e+03   2.2397445e-12
   2.3434305e+03   2.2470493e-12
   2.3464791e+03   2.2544662e-12
   2.3464791e+03   2.2691957e-12
   2.3494952e+03   2.2765964e-12
   2.3494952e+03   2.2841110e-12
   2.3525152e+03   2.2915604e-12
   2.3525152e+03   2.3066226e-12
   2.3555756e+03   2.3141455e-12
   2.3555756e+03   2.3293562e-12
   2.3586034e+03   2.3369532e-12
   2.3586034e+03   2.3445749e-12
   2.3616351e+03   2.3523138e-12
   2.3616351e+03   2.3676825e-12
   2.3647073e+03   2.3754977e-12
   2.3647073e+03   2.3910179e-12
   2.3677469e+03   2.3989101e-12
   2.3677469e+03   2.4067339e-12
   2.3707904e+03   2.4145832e-12
   2.3707904e+03   2.4304541e-12
   2.3738745e+03   2.4383808e-12
   2.3738745e+03   2.4544082e-12
   2.3769259e+03   2.4624130e-12
   2.3769259e+03   2.4705408e-12
   2.3799811e+03   2.4785983e-12
   2.3800548e+03   2.4786955e-12
   2.3800548e+03   2.5031250e-12
   2.3831141e+03   2.5113872e-12
   2.3831141e+03   2.5195779e-12
   2.3862143e+03   2.5277952e-12
   2.3862143e+03   2.5361389e-12
   2.3892815e+03   2.5444103e-12
   2.3892815e+03   2.5611345e-12
   2.3923526e+03   2.5694874e-12
   2.3923526e+03   2.5778675e-12
   2.3954648e+03   2.5863765e-12
   2.3954648e+03   2.5948117e-12
   2.3985439e+03   2.6032744e-12
   2.3985439e+03   2.6118672e-12
   2.4016270e+03   2.6203856e-12
   2.4016270e+03   2.6289317e-12
   2.4078423e+03   2.6462115e-12
   2.4078423e+03   2.6548419e-12
   2.4140736e+03   2.6722920e-12
   2.4140736e+03   2.6898568e-12
   2.4171767e+03   2.6986295e-12
   2.4202837e+03   2.7074309e-12
   2.4234322e+03   2.7163674e-12
   2.4265472e+03   2.7252266e-12
   2.4296663e+03   2.7341147e-12
   2.4328270e+03   2.7341147e-12
   2.4359542e+03   2.7430317e-12
   2.4390853e+03   2.7520859e-12
   2.4422583e+03   2.7520859e-12
   2.4453975e+03   2.7610615e-12
   2.4516881e+03   2.7610615e-12
   2.4548775e+03   2.7700665e-12
   2.4643942e+03   2.7700665e-12
   2.4675620e+03   2.7792098e-12
   2.4771279e+03   2.7792098e-12
   2.4803119e+03   2.7882739e-12
   2.4867309e+03   2.7882739e-12
   2.4899273e+03   2.7973676e-12
   2.4931664e+03   2.7973676e-12
   2.4963711e+03   2.8066011e-12
   2.4995799e+03   2.8066011e-12
   2.5028315e+03   2.8157545e-12
   2.5060487e+03   2.8249379e-12
   2.5092699e+03   2.8342623e-12
   2.5125342e+03   2.8435060e-12
   2.5157638e+03   2.8527798e-12
   2.5222744e+03   2.8715310e-12
   2.5222744e+03   2.8808962e-12
   2.5255165e+03   2.8904053e-12
   2.5287628e+03   2.8998321e-12
   2.5320524e+03   2.9092897e-12
   2.5320524e+03   2.9188925e-12
   2.5385660e+03   2.9379630e-12
   2.5385660e+03   2.9476605e-12
   2.5418684e+03   2.9572740e-12
   2.5418684e+03   2.9669189e-12
   2.5451356e+03   2.9767120e-12
   2.5451356e+03   2.9864203e-12
   2.5517223e+03   3.0060498e-12
   2.5517223e+03   3.0158538e-12
   2.5550023e+03   3.0256897e-12
   2.5550023e+03   3.0356768e-12
   2.5582865e+03   3.0455773e-12
   2.5582865e+03   3.0555102e-12
   2.5649072e+03   3.0755939e-12
   2.5649072e+03   3.0958096e-12
   2.5682041e+03   3.1059063e-12
   2.5715450e+03   3.1160359e-12
   2.5715450e+03   3.1261985e-12
   2.5748504e+03   3.1365174e-12
   2.5748504e+03   3.1467468e-12
   2.5814741e+03   3.1674302e-12
   2.5814741e+03   3.1777605e-12
   2.5881548e+03   3.1986477e-12
   2.5881548e+03   3.2090798e-12
   2.5948528e+03   3.2301729e-12
   2.5948528e+03   3.2407078e-12
   2.5981882e+03   3.2512770e-12
   2.6015279e+03   3.2620087e-12
   2.6082605e+03   3.2833209e-12
   2.6082605e+03   3.2941584e-12
   2.6116131e+03   3.3049019e-12
   2.6150105e+03   3.3156806e-12
   2.6183718e+03   3.3156806e-12
   2.6217375e+03   3.3266249e-12
   2.6251481e+03   3.3266249e-12
   2.6285224e+03   3.3374743e-12
   2.6319011e+03   3.3374743e-12
   2.6353249e+03   3.3483592e-12
   2.6455411e+03   3.3483592e-12
   2.6489417e+03   3.3594113e-12
   2.6626289e+03   3.3594113e-12
   2.6660926e+03   3.3703677e-12
   2.6764282e+03   3.3703677e-12
   2.6798684e+03   3.3813599e-12
   2.6833131e+03   3.3813599e-12
   2.6868038e+03   3.3925209e-12
   2.6902574e+03   3.3925209e-12
   2.6937154e+03   3.4035853e-12
   2.6972196e+03   3.4035853e-12
   2.7006866e+03   3.4146858e-12
   2.7041580e+03   3.4259569e-12
   2.7076759e+03   3.4371303e-12
   2.7111563e+03   3.4483402e-12
   2.7181305e+03   3.4710059e-12
   2.7181305e+03   3.4823263e-12
   2.7216665e+03   3.4938206e-12
   2.7286678e+03   3.5166473e-12
   2.7286678e+03   3.5397620e-12
   2.7322175e+03   3.5513066e-12
   2.7357295e+03   3.5628889e-12
   2.7357295e+03   3.5863075e-12
   2.7392459e+03   3.5980039e-12
   2.7428094e+03   3.6098801e-12
   2.7428094e+03   3.6334650e-12
   2.7498651e+03   3.6573476e-12
   2.7498651e+03   3.6813871e-12
   2.7534423e+03   3.6933936e-12
   2.7534423e+03   3.7054392e-12
   2.7569816e+03   3.7176700e-12
   2.7569816e+03   3.7419592e-12
   2.7641165e+03   3.7665549e-12
   2.7641165e+03   3.7913122e-12
   2.7676695e+03   3.8036772e-12
   2.7676695e+03   3.8286785e-12
   2.7712270e+03   3.8411654e-12
   2.7712270e+03   3.8536930e-12
   2.7748321e+03   3.8664131e-12
   2.7748321e+03   3.8790231e-12
   2.7783988e+03   3.8916742e-12
   2.7783988e+03   3.9045197e-12
   2.7819701e+03   3.9172539e-12
   2.7819701e+03   3.9430017e-12
   2.7855891e+03   3.9558615e-12
   2.7855891e+03   3.9687631e-12
   2.7891697e+03   3.9818631e-12
   2.7891697e+03   3.9948496e-12
   2.7927549e+03   4.0078784e-12
   2.7927549e+03   4.0211074e-12
   2.7963879e+03   4.0342219e-12
   2.7963879e+03   4.0473791e-12
   2.7999824e+03   4.0607386e-12
   2.7999824e+03   4.0739823e-12
   2.8035814e+03   4.0872692e-12
   2.8035814e+03   4.1005995e-12
   2.8108370e+03   4.1275524e-12
   2.8108370e+03   4.1410141e-12
   2.8181113e+03   4.1682327e-12
   2.8181113e+03   4.1818270e-12
   2.8253607e+03   4.2093139e-12
   2.8253607e+03   4.2230421e-12
   2.8290361e+03   4.2369814e-12
   2.8326726e+03   4.2507999e-12
   2.8363136e+03   4.2507999e-12
   2.8400034e+03   4.2646635e-12
   2.8436539e+03   4.2646635e-12
   2.8473091e+03   4.2787402e-12
   2.8694280e+03   4.2787402e-12
   2.8731163e+03   4.2646635e-12
   2.8842544e+03   4.2646635e-12
   2.8880065e+03   4.2507999e-12
   2.8954357e+03   4.2507999e-12
   2.8992023e+03   4.2369814e-12
   2.9104416e+03   4.2369814e-12
   2.9141826e+03   4.2230421e-12
   2.9254799e+03   4.2230421e-12
   2.9292403e+03   4.2369814e-12
   2.9368210e+03   4.2369814e-12
   2.9405960e+03   4.2507999e-12
   2.9444214e+03   4.2507999e-12
   2.9482061e+03   4.2646635e-12
   2.9519957e+03   4.2787402e-12
   2.9558359e+03   4.2926949e-12
   2.9596353e+03   4.3066951e-12
   2.9634396e+03   4.3209105e-12
   2.9672947e+03   4.3350027e-12
   2.9749278e+03   4.3634964e-12
   2.9749278e+03   4.3777275e-12
   2.9787979e+03   4.3920051e-12
   2.9826268e+03   4.4065021e-12
   2.9864606e+03   4.4208735e-12
   2.9903457e+03   4.4352917e-12
   2.9941894e+03   4.4499316e-12
   2.9980381e+03   4.4644446e-12
   3.0019382e+03   4.4644446e-12
   3.0057969e+03   4.4790050e-12
   3.0174494e+03   4.4790050e-12
   3.0213280e+03   4.4644446e-12
   3.0252115e+03   4.4644446e-12
   3.0291470e+03   4.4499316e-12
   3.0369393e+03   4.4208735e-12
   3.0369393e+03   4.4065021e-12
   3.0408900e+03   4.3920051e-12
   3.0408900e+03   4.3777275e-12
   3.0447987e+03   4.3634964e-12
   3.0447987e+03   4.3350027e-12
   3.0487125e+03   4.3209105e-12
   3.0487125e+03   4.2926949e-12
   3.0526785e+03   4.2787402e-12
   3.0526785e+03   4.2507999e-12
   3.0566024e+03   4.2369814e-12
   3.0566024e+03   4.1956302e-12
   3.0605313e+03   4.1818270e-12
   3.0605313e+03   4.1275524e-12
   3.0645127e+03   4.1141346e-12
   3.0645127e+03   4.0605793e-12
   3.0684518e+03   4.0473791e-12
   3.0684518e+03   3.9817069e-12
   3.0723959e+03   3.9687631e-12
   3.0723959e+03   3.9043665e-12
   3.0763928e+03   3.8790231e-12
   3.0763928e+03   3.8036772e-12
   3.0803471e+03   3.7913122e-12
   3.0803471e+03   3.7176700e-12
   3.0843066e+03   3.6933936e-12
   3.0843066e+03   3.6098801e-12
   3.0883189e+03   3.5863075e-12
   3.0883189e+03   3.5052154e-12
   3.0922886e+03   3.4823263e-12
   3.0922886e+03   3.3923879e-12
   3.0962634e+03   3.3703677e-12
   3.0962634e+03   3.2833209e-12
   3.1002913e+03   3.2512770e-12
   3.1002913e+03   3.1673059e-12
   3.1042764e+03   3.1363943e-12
   3.1042764e+03   3.0555102e-12
   3.1082666e+03   3.0256897e-12
   3.1082666e+03   2.9282974e-12
   3.1123101e+03   2.8997184e-12
   3.1123101e+03   2.8156441e-12
   3.1163106e+03   2.7881645e-12
   3.1163106e+03   2.6985237e-12
   3.1203163e+03   2.6635004e-12
   3.1203163e+03   2.5777664e-12
   3.1243755e+03   2.5443104e-12
   3.1243755e+03   2.4625096e-12
   3.1283915e+03   2.4304541e-12
   3.1283915e+03   2.3446669e-12
   3.1324127e+03   2.3141455e-12
   3.1324127e+03   2.2324636e-12
   3.1364876e+03   2.2034027e-12
   3.1364876e+03   2.1186366e-12
   3.1405192e+03   2.0979595e-12
   3.1405192e+03   2.0172498e-12
   3.1445560e+03   1.9910686e-12
   3.1445560e+03   1.9144711e-12
   3.1486467e+03   1.8896238e-12
   3.1486467e+03   1.8169289e-12
   3.1526940e+03   1.7991964e-12
   3.1526940e+03   1.7299803e-12
   3.1567464e+03   1.7074604e-12
   3.1567464e+03   1.6471926e-12
   3.1608530e+03   1.6257504e-12
   3.1608530e+03   1.5683667e-12
   3.1649159e+03   1.5530600e-12
   3.1649159e+03   1.5030694e-12
   3.1689840e+03   1.4884001e-12
   3.1689840e+03   1.4405473e-12
   3.1731065e+03   1.4311966e-12
   3.1731065e+03   1.3806258e-12
   3.1771852e+03   1.3716103e-12
   3.1771852e+03   1.3449682e-12
   3.1812691e+03   1.3362380e-12
   3.1812691e+03   1.3145564e-12
   3.1853583e+03   1.3102830e-12
   3.1853583e+03   1.3017268e-12
   3.1895021e+03   1.2974952e-12
   3.1936018e+03   1.3017268e-12
   3.1936018e+03   1.3059723e-12
   3.1977069e+03   1.3102830e-12
   3.1977069e+03   1.3275123e-12
   3.2018667e+03   1.3318419e-12
   3.2019658e+03   1.3318941e-12
   3.2019658e+03   1.3582772e-12
   3.2060816e+03   1.3672051e-12
   3.2060816e+03   1.3988350e-12
   3.2102027e+03   1.4126216e-12
   3.2102027e+03   1.4691403e-12
   3.2143788e+03   1.4836198e-12
   3.2143788e+03   1.5329034e-12
   3.2185105e+03   1.5480114e-12
   3.2185105e+03   1.6047133e-12
   3.2226475e+03   1.6258142e-12
   3.2226475e+03   1.6853660e-12
   3.2268398e+03   1.7075274e-12
   3.2268398e+03   1.7700723e-12
   3.2309876e+03   1.7933476e-12
   3.2309876e+03   1.8650990e-12
   3.2351407e+03   1.8896979e-12
   3.2351407e+03   1.9911467e-12
   3.2393492e+03   2.0173290e-12
   3.2393492e+03   2.0980418e-12
   3.2435130e+03   2.1257131e-12
   3.2435130e+03   2.2107624e-12
   3.2476822e+03   2.2398324e-12
   3.2476822e+03   2.3218750e-12
   3.2519071e+03   2.3524061e-12
   3.2519071e+03   2.4465253e-12
   3.2560870e+03   2.4706378e-12
   3.2560870e+03   2.5948117e-12
   3.2602724e+03   2.6203856e-12
   3.2602724e+03   2.7163674e-12
   3.2645136e+03   2.7431394e-12
   3.2645136e+03   2.8342623e-12
   3.2687098e+03   2.8715310e-12
   3.2687098e+03   2.9572740e-12
   3.2729114e+03   2.9961602e-12
   3.2729114e+03   3.0856246e-12
   3.2771690e+03   3.1160359e-12
   3.2771690e+03   3.2407078e-12
   3.2813815e+03   3.2620087e-12
   3.2813815e+03   3.3594113e-12
   3.2855993e+03   3.3814925e-12
   3.2855993e+03   3.4710059e-12
   3.2898735e+03   3.5052154e-12
   3.2898735e+03   3.5864482e-12
   3.2941023e+03   3.6098801e-12
   3.2941023e+03   3.7176700e-12
   3.2983365e+03   3.7421060e-12
   3.2983365e+03   3.8286785e-12
   3.3025761e+03   3.8538442e-12
   3.3025761e+03   3.9174076e-12
   3.3068724e+03   3.9430017e-12
   3.3068724e+03   4.0080356e-12
   3.3111230e+03   4.0343802e-12
   3.3111230e+03   4.1142960e-12
   3.3153791e+03   4.1411765e-12
   3.3153791e+03   4.1957948e-12
   3.3196921e+03   4.2094790e-12
   3.3196921e+03   4.2509667e-12
   3.3239591e+03   4.2648308e-12
   3.3239591e+03   4.3210800e-12
   3.3282317e+03   4.3351728e-12
   3.3282317e+03   4.3636676e-12
   3.3325614e+03   4.3778993e-12
   3.3325614e+03   4.4066749e-12
   3.3411342e+03   4.4354657e-12
   3.3411342e+03   4.4501062e-12
   3.3454806e+03   4.4646198e-12
   3.3497808e+03   4.4791807e-12
   3.3540866e+03   4.4646198e-12
   3.3584499e+03   4.4646198e-12
   3.3627668e+03   4.4501062e-12
   3.3714695e+03   4.4210469e-12
   3.3714695e+03   4.4066749e-12
   3.3758031e+03   4.3921774e-12
   3.3758031e+03   4.3778993e-12
   3.3801424e+03   4.3636676e-12
   3.3801424e+03   4.3351728e-12
   3.3845395e+03   4.3210800e-12
   3.3845395e+03   4.3068640e-12
   3.3888900e+03   4.2928633e-12
   3.3888900e+03   4.2509667e-12
   3.3932460e+03   4.2371476e-12
   3.3932460e+03   4.2232078e-12
   3.3976603e+03   4.2094790e-12
   3.3976603e+03   4.1819910e-12
   3.4020276e+03   4.1683962e-12
   3.4020276e+03   4.1277144e-12
   3.4064005e+03   4.1142960e-12
   3.4064005e+03   4.0874296e-12
   3.4108318e+03   4.0741421e-12
   3.4108318e+03   4.0475379e-12
   3.4152161e+03   4.0343802e-12
   3.4152161e+03   3.9950063e-12
   3.4196060e+03   3.9818631e-12
   3.4196060e+03   3.9560167e-12
   3.4240545e+03   3.9430017e-12
   3.4240545e+03   3.9174076e-12
   3.4284557e+03   3.9045197e-12
   3.4284557e+03   3.8791753e-12
   3.4328626e+03   3.8664131e-12
   3.4328626e+03   3.8538442e-12
   3.4373284e+03   3.8413161e-12
   3.4373284e+03   3.8286785e-12
   3.4417467e+03   3.8162322e-12
   3.4417467e+03   3.8038264e-12
   3.4506538e+03   3.7789874e-12
   3.4506538e+03   3.7667026e-12
   3.4595303e+03   3.7667026e-12
   3.4640308e+03   3.7789874e-12
   3.4729418e+03   3.8038264e-12
   3.4729418e+03   3.8286785e-12
   3.4774058e+03   3.8413161e-12
   3.4774058e+03   3.8538442e-12
   3.4819296e+03   3.8664131e-12
   3.4819296e+03   3.8918268e-12
   3.4864052e+03   3.9045197e-12
   3.4864052e+03   3.9301838e-12
   3.4908866e+03   3.9430017e-12
   3.4908866e+03   3.9950063e-12
   3.4954278e+03   4.0080356e-12
   3.4954278e+03   4.0343802e-12
   3.4999208e+03   4.0475379e-12
   3.4999208e+03   4.1007603e-12
   3.5044196e+03   4.1142960e-12
   3.5044196e+03   4.1548456e-12
   3.5089784e+03   4.1683962e-12
   3.5089784e+03   4.2232078e-12
   3.5134888e+03   4.2371476e-12
   3.5134888e+03   4.2928633e-12
   3.5180050e+03   4.3068640e-12
   3.5180050e+03   4.3636676e-12
   3.5225816e+03   4.3778993e-12
   3.5225816e+03   4.4354657e-12
   3.5271094e+03   4.4501062e-12
   3.5271094e+03   4.5233265e-12
   3.5316432e+03   4.5382569e-12
   3.5316432e+03   4.5829850e-12
   3.5362374e+03   4.5979320e-12
   3.5362374e+03   4.6737679e-12
   3.5407829e+03   4.6890110e-12
   3.5407829e+03   4.7663492e-12
   3.5453341e+03   4.7818942e-12
   3.5453341e+03   4.8290235e-12
   3.5499462e+03   4.8447729e-12
   3.5499462e+03   4.9086710e-12
   3.5545093e+03   4.9407415e-12
   3.5545093e+03   4.9894364e-12
   3.5590782e+03   5.0057089e-12
   3.5590782e+03   5.0717296e-12
   3.5637082e+03   5.0882706e-12
   3.5637082e+03   5.1551779e-12
   3.5682889e+03   5.1721939e-12
   3.5682889e+03   5.2231699e-12
   3.5728756e+03   5.2402048e-12
   3.5728756e+03   5.2918511e-12
   3.5775235e+03   5.3091100e-12
   3.5775235e+03   5.3440064e-12
   3.5821220e+03   5.3614354e-12
   3.5821220e+03   5.4142765e-12
   3.5867264e+03   5.4321478e-12
   3.5867264e+03   5.4856858e-12
   3.5913923e+03   5.5035769e-12
   3.5913923e+03   5.5397515e-12
   3.5960087e+03   5.5578189e-12
   3.5960087e+03   5.5759452e-12
   3.6006309e+03   5.5943501e-12
   3.6006309e+03   5.6309005e-12
   3.6099492e+03   5.6679120e-12
   3.6099492e+03   5.7051669e-12
   3.6145894e+03   5.7237737e-12
   3.6192915e+03   5.7424413e-12
   3.6239437e+03   5.7613957e-12
   3.6286019e+03   5.7801860e-12
   3.6333223e+03   5.7801860e-12
   3.6379925e+03   5.7990375e-12
   3.6474075e+03   5.7990375e-12
   3.6520958e+03   5.7801860e-12
   3.6567902e+03   5.7801860e-12
   3.6614906e+03   5.7613957e-12
   3.6662538e+03   5.7613957e-12
   3.6709663e+03   5.7424413e-12
   3.6756849e+03   5.7237737e-12
   3.6804666e+03   5.7051669e-12
   3.6851974e+03   5.6863974e-12
   3.6899343e+03   5.6863974e-12
   3.6947345e+03   5.6679120e-12
   3.6994837e+03   5.6494868e-12
   3.7042390e+03   5.6309005e-12
   3.7090578e+03   5.6125955e-12
   3.7138254e+03   5.5943501e-12
   3.7185991e+03   5.5759452e-12
   3.7234365e+03   5.5759452e-12
   3.7282226e+03   5.5578189e-12
   3.7426757e+03   5.5578189e-12
   3.7474865e+03   5.5759452e-12
   3.7523615e+03   5.5759452e-12
   3.7571848e+03   5.5943501e-12
   3.7620142e+03   5.6125955e-12
   3.7669082e+03   5.6309005e-12
   3.7717501e+03   5.6494868e-12
   3.7815112e+03   5.6863974e-12
   3.7815112e+03   5.7051669e-12
   3.7912389e+03   5.7424413e-12
   3.7912389e+03   5.7801860e-12
   3.8010504e+03   5.8181788e-12
   3.8010504e+03   5.8561915e-12
   3.8108873e+03   5.8946839e-12
   3.8108873e+03   5.9334293e-12
   3.8157858e+03   5.9527806e-12
   3.8157858e+03   5.9721950e-12
   3.8206906e+03   5.9919078e-12
   3.8206906e+03   6.0310557e-12
   3.8305783e+03   6.0706974e-12
   3.8305783e+03   6.1103600e-12
   3.8355021e+03   6.1305289e-12
   3.8355021e+03   6.1505230e-12
   3.8404916e+03   6.1705824e-12
   3.8404916e+03   6.2111412e-12
   3.8503710e+03   6.2519666e-12
   3.8503710e+03   6.2928135e-12
   3.8603356e+03   6.3341758e-12
   3.8603356e+03   6.3758099e-12
   3.8702661e+03   6.4174659e-12
   3.8702661e+03   6.4386485e-12
   3.8802821e+03   6.4807151e-12
   3.8802821e+03   6.5233124e-12
   3.8852698e+03   6.5445876e-12
   3.8903241e+03   6.5661897e-12
   3.8953246e+03   6.5876047e-12
   3.9003317e+03   6.6090896e-12
   3.9054055e+03   6.6309046e-12
   3.9104255e+03   6.6309046e-12
   3.9154519e+03   6.6525307e-12
   3.9408031e+03   6.6525307e-12
   3.9458686e+03   6.6309046e-12
   3.9510017e+03   6.6309046e-12
   3.9560803e+03   6.6090896e-12
   3.9611654e+03   6.5876047e-12
   3.9663184e+03   6.5876047e-12
   3.9714166e+03   6.5661897e-12
   3.9765215e+03   6.5445876e-12
   3.9816945e+03   6.5233124e-12
   3.9868125e+03   6.5021064e-12
   3.9919371e+03   6.4807151e-12
   3.9971302e+03   6.4596475e-12
   4.0022680e+03   6.4386485e-12
   4.0074125e+03   6.4174659e-12
   4.0126257e+03   6.3966040e-12
   4.0229479e+03   6.3548341e-12
   4.0229479e+03   6.3341758e-12
   4.0281813e+03   6.3135846e-12
   4.0333591e+03   6.2928135e-12
   4.0385435e+03   6.2723568e-12
   4.0437972e+03   6.2519666e-12
   4.0489950e+03   6.2519666e-12
   4.0541996e+03   6.2313982e-12
   4.0594736e+03   6.2111412e-12
   4.0646916e+03   6.2111412e-12
   4.0699163e+03   6.1909500e-12
   4.1068050e+03   6.1909500e-12
   4.1121475e+03   6.2111412e-12
   4.1174332e+03   6.2111412e-12
   4.1227257e+03   6.2313982e-12
   4.1280889e+03   6.2313982e-12
   4.1333951e+03   6.2519666e-12
   4.1387081e+03   6.2723568e-12
   4.1440921e+03   6.2928135e-12
   4.1494188e+03   6.3135846e-12
   4.1547525e+03   6.3341758e-12
   4.1601573e+03   6.3548341e-12
   4.1655047e+03   6.3758099e-12
   4.1762849e+03   6.4174659e-12
   4.1762849e+03   6.4386485e-12
   4.1870281e+03   6.4807151e-12
   4.1870281e+03   6.5021064e-12
   4.1978639e+03   6.5445876e-12
   4.1978639e+03   6.5661897e-12
   4.2032598e+03   6.5876047e-12
   4.2032598e+03   6.6090896e-12
   4.2141376e+03   6.6525307e-12
   4.2141376e+03   6.6962573e-12
   4.2250435e+03   6.7400070e-12
   4.2250435e+03   6.7843086e-12
   4.2359122e+03   6.8289015e-12
   4.2359122e+03   6.8735177e-12
   4.2468745e+03   6.9186969e-12
   4.2470060e+03   6.9189684e-12
   4.2470060e+03   6.9644463e-12
   4.2524650e+03   6.9871602e-12
   4.2524650e+03   7.0099481e-12
   4.2579311e+03   7.0330863e-12
   4.2579311e+03   7.0790366e-12
   4.2689504e+03   7.1255667e-12
   4.2689504e+03   7.1724026e-12
   4.2799982e+03   7.2192631e-12
   4.2799982e+03   7.2667149e-12
   4.2854997e+03   7.2904146e-12
   4.2854997e+03   7.3144785e-12
   4.2910082e+03   7.3383340e-12
   4.2910082e+03   7.3865684e-12
   4.2965903e+03   7.4106590e-12
   4.3021131e+03   7.4348282e-12
   4.3021131e+03   7.4836968e-12
   4.3076430e+03   7.5081042e-12
   4.3132468e+03   7.5325911e-12
   4.3132468e+03   7.5821024e-12
   4.3187910e+03   7.6068307e-12
   4.3243423e+03   7.6319391e-12
   4.3243423e+03   7.6568299e-12
   4.3355335e+03   7.7071578e-12
   4.3355335e+03   7.7575121e-12
   4.3411063e+03   7.7831178e-12
   4.3523409e+03   7.8339684e-12
   4.3523409e+03   7.8598265e-12
   4.3636045e+03   7.9111783e-12
   4.3636045e+03   7.9372912e-12
   4.3692134e+03   7.9631779e-12
   4.3748296e+03   8.0155194e-12
   4.3804529e+03   8.0155194e-12
   4.3804529e+03   8.0155194e-12
   4.3861514e+03   8.0416612e-12
   4.3917893e+03   8.0678884e-12
   4.3974345e+03   8.0945186e-12
   4.4031550e+03   8.0945186e-12
   4.4088148e+03   8.1209181e-12
   4.4430640e+03   8.1209181e-12
   4.4487751e+03   8.0945186e-12
   4.4545625e+03   8.0945186e-12
   4.4602883e+03   8.0678884e-12
   4.4660215e+03   8.0678884e-12
   4.4718313e+03   8.0416612e-12
   4.4775793e+03   8.0155194e-12
   4.4833348e+03   8.0155194e-12
   4.4891671e+03   7.9891491e-12
   4.4949374e+03   7.9631779e-12
   4.5007152e+03   7.9372912e-12
   4.5065701e+03   7.9111783e-12
   4.5123628e+03   7.8854606e-12
   4.5181629e+03   7.8598265e-12
   4.5240405e+03   7.8339684e-12
   4.5298557e+03   7.8085017e-12
   4.5356783e+03   7.7831178e-12
   4.5415787e+03   7.7575121e-12
   4.5532616e+03   7.7071578e-12
   4.5532616e+03   7.6818019e-12
   4.5591849e+03   7.6568299e-12
   4.5650452e+03   7.6319391e-12
   4.5709131e+03   7.6068307e-12
   4.5768593e+03   7.5821024e-12
   4.5827424e+03   7.5574545e-12
   4.5886330e+03   7.5325911e-12
   4.5946023e+03   7.5081042e-12
   4.6005081e+03   7.4836968e-12
   4.6064215e+03   7.4593688e-12
   4.6123426e+03   7.4593688e-12
   4.6183427e+03   7.4348282e-12
   4.6242791e+03   7.4106590e-12
   4.6302231e+03   7.4106590e-12
   4.6362465e+03   7.3865684e-12
   4.6422059e+03   7.3865684e-12
   4.6481729e+03   7.3622673e-12
   4.6842816e+03   7.3622673e-12
   4.6903753e+03   7.3865684e-12
   4.6964042e+03   7.3865684e-12
   4.7024410e+03   7.4106590e-12
   4.7085583e+03   7.4106590e-12
   4.7146106e+03   7.4348282e-12
   4.7206707e+03   7.4593688e-12
   4.7268118e+03   7.4836968e-12
   4.7389712e+03   7.5325911e-12
   4.7389712e+03   7.5574545e-12
   4.7512354e+03   7.6068307e-12
   4.7512354e+03   7.6319391e-12
   4.7573426e+03   7.6568299e-12
   4.7573426e+03   7.6818019e-12
   4.7635313e+03   7.7071578e-12
   4.7635313e+03   7.7322939e-12
   4.7696543e+03   7.7575121e-12
   4.7696543e+03   7.7831178e-12
   4.7757852e+03   7.8085017e-12
   4.7757852e+03   7.8598265e-12
   4.7881447e+03   7.9111783e-12
   4.7881447e+03   7.9631779e-12
   4.7942993e+03   7.9891491e-12
   4.7942993e+03   8.0416612e-12
   4.8005362e+03   8.0678884e-12
   4.8005362e+03   8.1209181e-12
   4.8067067e+03   8.1474037e-12
   4.8067067e+03   8.1742963e-12
   4.8128852e+03   8.2009560e-12
   4.8128852e+03   8.2548604e-12
   4.8191462e+03   8.2817829e-12
   4.8191462e+03   8.3087931e-12
   4.8253407e+03   8.3362185e-12
   4.8253407e+03   8.3906827e-12
   4.8315431e+03   8.4183784e-12
   4.8315431e+03   8.4733794e-12
   4.8440469e+03   8.5290744e-12
   4.8440469e+03   8.5847987e-12
   4.8502734e+03   8.6131351e-12
   4.8502734e+03   8.6694086e-12
   4.8565079e+03   8.6980243e-12
   4.8565079e+03   8.7263920e-12
   4.8628257e+03   8.7548523e-12
   4.8628257e+03   8.7837501e-12
   4.8690763e+03   8.8123974e-12
   4.8690763e+03   8.8411382e-12
   4.8753349e+03   8.8703207e-12
   4.8753349e+03   8.9282745e-12
   4.8816772e+03   8.9577447e-12
   4.8942350e+03   9.0162696e-12
   4.8942350e+03   9.0460302e-12
   4.9069010e+03   9.1051320e-12
   4.9069010e+03   9.1351859e-12
   4.9132083e+03   9.1649794e-12
   4.9195998e+03   9.1649794e-12
   4.9259234e+03   9.1948702e-12
   4.9386714e+03   9.1948702e-12
   4.9450196e+03   9.1649794e-12
   4.9513758e+03   9.1351859e-12
   4.9578170e+03   9.1051320e-12
   4.9641897e+03   9.0755330e-12
   4.9770368e+03   9.0162696e-12
   4.9770368e+03   8.9577447e-12
   4.9834342e+03   8.9282745e-12
   4.9834342e+03   8.8992505e-12
   4.9898399e+03   8.8703207e-12
   4.9898399e+03   8.8123974e-12
   4.9963311e+03   8.7837501e-12
   4.9963311e+03   8.7263920e-12
   5.0027533e+03   8.6980243e-12
   5.0027533e+03   8.6412260e-12
   5.0091838e+03   8.6131351e-12
   5.0091838e+03   8.5290744e-12
   5.0157002e+03   8.5010146e-12
   5.0157002e+03   8.4458342e-12
   5.0221473e+03   8.4183784e-12
   5.0221473e+03   8.3087931e-12
   5.0286027e+03   8.2817829e-12
   5.0286027e+03   8.2277027e-12
   5.0351444e+03   8.2009560e-12
   5.0351444e+03   8.0945186e-12
   5.0416165e+03   8.0678884e-12
   5.0416165e+03   7.9631779e-12
   5.0480969e+03   7.9372912e-12
   5.0480969e+03   7.8339684e-12
   5.0546639e+03   7.8085017e-12
   5.0546639e+03   7.7071578e-12
   5.0611611e+03   7.6818019e-12
   5.0611611e+03   7.5821024e-12
   5.0676667e+03   7.5574545e-12
   5.0676667e+03   7.4590761e-12
   5.0742592e+03   7.4348282e-12
   5.0742592e+03   7.3141916e-12
   5.0807816e+03   7.2904146e-12
   5.0807816e+03   7.1721212e-12
   5.0873123e+03   7.1488061e-12
   5.0873123e+03   7.0328104e-12
   5.0939304e+03   7.0099481e-12
   5.0939304e+03   6.8962056e-12
   5.1004780e+03   6.8737874e-12
   5.1004780e+03   6.7622542e-12
   5.1070341e+03   6.7402714e-12
   5.1070341e+03   6.6309046e-12
   5.1136778e+03   6.6093489e-12
   5.1136778e+03   6.5021064e-12
   5.1202509e+03   6.4809693e-12
   5.1202509e+03   6.3760600e-12
   5.1268324e+03   6.3550834e-12
   5.1268324e+03   6.2522119e-12
   5.1334224e+03   6.2316427e-12
   5.1334224e+03   6.1307694e-12
   5.1401004e+03   6.1105997e-12
   5.1401004e+03   6.0116857e-12
   5.1467074e+03   5.9919078e-12
   5.1467074e+03   5.9141409e-12
   5.1533229e+03   5.8949152e-12
   5.1533229e+03   5.7992650e-12
   5.1600268e+03   5.7804127e-12
   5.1600268e+03   5.6866205e-12
   5.1666594e+03   5.6681344e-12
   5.1666594e+03   5.6128157e-12
   5.1733006e+03   5.5943501e-12
   5.1733006e+03   5.5217429e-12
   5.1800305e+03   5.5037928e-12
   5.1800305e+03   5.4321478e-12
   5.1866888e+03   5.4144889e-12
   5.1866888e+03   5.3791322e-12
   5.1933558e+03   5.3616457e-12
   5.1933558e+03   5.3093183e-12
   5.2001117e+03   5.2920587e-12
   5.2001117e+03   5.2404104e-12
   5.2067959e+03   5.2231699e-12
   5.2067959e+03   5.1892661e-12
   5.2134887e+03   5.1721939e-12
   5.2134887e+03   5.1386210e-12
   5.2269809e+03   5.1050658e-12
   5.2269809e+03   5.0717296e-12
   5.2405080e+03   5.0388088e-12
   5.2405080e+03   5.0059053e-12
   5.2472441e+03   4.9896321e-12
   5.2539889e+03   4.9734118e-12
   5.2812182e+03   4.9734118e-12
   5.2880066e+03   4.9896321e-12
   5.2948037e+03   5.0059053e-12
   5.3085064e+03   5.0388088e-12
   5.3085064e+03   5.0552424e-12
   5.3222446e+03   5.0884702e-12
   5.3222446e+03   5.1217154e-12
   5.3290857e+03   5.1386210e-12
   5.3290857e+03   5.1721939e-12
   5.3359357e+03   5.1892661e-12
   5.3359357e+03   5.2061904e-12
   5.3428771e+03   5.2231699e-12
   5.3428771e+03   5.2575015e-12
   5.3497448e+03   5.2746483e-12
   5.3497448e+03   5.3093183e-12
   5.3566213e+03   5.3266341e-12
   5.3566213e+03   5.3791322e-12
   5.3635896e+03   5.3968875e-12
   5.3635896e+03   5.4321478e-12
   5.3704839e+03   5.4500780e-12
   5.3704839e+03   5.4856858e-12
   5.3773871e+03   5.5037928e-12
   5.3773871e+03   5.5580369e-12
   5.3843825e+03   5.5761640e-12
   5.3843825e+03   5.6311214e-12
   5.3913035e+03   5.6494868e-12
   5.3913035e+03   5.6866205e-12
   5.3982334e+03   5.7051669e-12
   5.3982334e+03   5.7613957e-12
   5.4051723e+03   5.7804127e-12
   5.4051723e+03   5.8564213e-12
   5.4122038e+03   5.8755214e-12
   5.4122038e+03   5.9334293e-12
   5.4191606e+03   5.9530141e-12
   5.4191606e+03   6.0116857e-12
   5.4261263e+03   6.0312923e-12
   5.4261263e+03   6.0907354e-12
   5.4331851e+03   6.1105997e-12
   5.4331851e+03   6.1911929e-12
   5.4401688e+03   6.2113849e-12
   5.4401688e+03   6.2726029e-12
   5.4471616e+03   6.2930604e-12
   5.4471616e+03   6.3760600e-12
   5.4542477e+03   6.3968550e-12
   5.4542477e+03   6.4599010e-12
   5.4612585e+03   6.4809693e-12
   5.4612585e+03   6.5448443e-12
   5.4682784e+03   6.5661897e-12
   5.4682784e+03   6.6527917e-12
   5.4753920e+03   6.6744891e-12
   5.4753920e+03   6.7402714e-12
   5.4824300e+03   6.7622542e-12
   5.4824300e+03   6.8514421e-12
   5.4894771e+03   6.8737874e-12
   5.4894771e+03   6.9415339e-12
   5.4966182e+03   6.9641731e-12
   5.4966182e+03   7.0328104e-12
   5.5036835e+03   7.0560241e-12
   5.5036835e+03   7.1488061e-12
   5.5107579e+03   7.1721212e-12
   5.5107579e+03   7.2428081e-12
   5.5179268e+03   7.2667149e-12
   5.5179268e+03   7.3383340e-12
   5.5250195e+03   7.3622673e-12
   5.5250195e+03   7.4348282e-12
   5.5321213e+03   7.4590761e-12
   5.5321213e+03   7.5325911e-12
   5.5393179e+03   7.5574545e-12
   5.5393179e+03   7.6068307e-12
   5.5464381e+03   7.6319391e-12
   5.5466098e+03   7.6319391e-12
   5.5466098e+03   7.7322939e-12
   5.5537393e+03   7.7578164e-12
   5.5537393e+03   7.8085017e-12
   5.5608781e+03   7.8342757e-12
   5.5608781e+03   7.9114886e-12
   5.5681121e+03   7.9372912e-12
   5.5681121e+03   7.9894625e-12
   5.5752693e+03   8.0155194e-12
   5.5752693e+03   8.0682049e-12
   5.5824357e+03   8.0945186e-12
   5.5824357e+03   8.1742963e-12
   5.5896978e+03   8.2009560e-12
   5.5896978e+03   8.2548604e-12
   5.5968828e+03   8.2817829e-12
   5.5968828e+03   8.3362185e-12
   5.6040769e+03   8.3634063e-12
   5.6040769e+03   8.4183784e-12
   5.6113672e+03   8.4458342e-12
   5.6113672e+03   8.4737119e-12
   5.6185800e+03   8.5013481e-12
   5.6185800e+03   8.5568912e-12
   5.6258021e+03   8.5851355e-12
   5.6258021e+03   8.6412260e-12
   5.6403613e+03   8.6980243e-12
   5.6403613e+03   8.7551958e-12
   5.6476114e+03   8.7837501e-12
   5.6476114e+03   8.8123974e-12
   5.6622271e+03   8.8703207e-12
   5.6622271e+03   8.9286248e-12
   5.6768807e+03   8.9869595e-12
   5.6768807e+03   9.0166233e-12
   5.6914841e+03   9.0755330e-12
   5.6914841e+03   9.1054892e-12
   5.6988880e+03   9.1351859e-12
   5.7062133e+03   9.1649794e-12
   5.7135480e+03   9.1952309e-12
   5.7208922e+03   9.2252203e-12
   5.7283344e+03   9.2553074e-12
   5.7356975e+03   9.2553074e-12
   5.7430701e+03   9.2858570e-12
   5.7653341e+03   9.2858570e-12
   5.7728341e+03   9.2553074e-12
   5.7802545e+03   9.2553074e-12
   5.7876843e+03   9.2252203e-12
   5.7952135e+03   9.1952309e-12
   5.8026626e+03   9.1649794e-12
   5.8101212e+03   9.1351859e-12
   5.8176796e+03   9.1054892e-12
   5.8326451e+03   9.0460302e-12
   5.8326451e+03   9.0166233e-12
   5.8402327e+03   8.9869595e-12
   5.8402327e+03   8.9577447e-12
   5.8477397e+03   8.9286248e-12
   5.8477397e+03   8.8992505e-12
   5.8552563e+03   8.8703207e-12
   5.8552563e+03   8.8123974e-12
   5.8704094e+03   8.7551958e-12
   5.8704094e+03   8.6980243e-12
   5.8779552e+03   8.6697487e-12
   5.8779552e+03   8.6131351e-12
   5.8856017e+03   8.5851355e-12
   5.8856017e+03   8.5290744e-12
   5.8931670e+03   8.5013481e-12
   5.8931670e+03   8.4458342e-12
   5.9084182e+03   8.3910119e-12
   5.9084182e+03   8.3091191e-12
   5.9160129e+03   8.2817829e-12
   5.9160129e+03   8.2280255e-12
   5.9236172e+03   8.2009560e-12
   5.9236172e+03   8.1477233e-12
   5.9313232e+03   8.1209181e-12
   5.9313232e+03   8.0682049e-12
   5.9389472e+03   8.0416612e-12
   5.9389472e+03   7.9894625e-12
   5.9465811e+03   7.9631779e-12
   5.9465811e+03   7.9114886e-12
   5.9543169e+03   7.8854606e-12
   5.9543169e+03   7.8342757e-12
   5.9619705e+03   7.8085017e-12
   5.9619705e+03   7.7831178e-12
   5.9696340e+03   7.7578164e-12
   5.9696340e+03   7.7071578e-12
   5.9773998e+03   7.6821033e-12
   5.9773998e+03   7.6319391e-12
   5.9927763e+03   7.5821024e-12
   5.9927763e+03   7.5328867e-12
   6.0082853e+03   7.4836968e-12
   6.0082853e+03   7.4348282e-12
   6.0237412e+03   7.3865684e-12
   6.0237412e+03   7.3622673e-12
   6.0315774e+03   7.3383340e-12
   6.0549598e+03   7.3383340e-12
   6.0627427e+03   7.3383340e-12
   6.0627427e+03   7.3383340e-12
   6.0705357e+03   7.3622673e-12
   6.0784328e+03   7.3865684e-12
   6.0940691e+03   7.4348282e-12
   6.0940691e+03   7.4836968e-12
   6.1098403e+03   7.5328867e-12
   6.1098403e+03   7.6071291e-12
   6.1256522e+03   7.6568299e-12
   6.1256522e+03   7.7322939e-12
   6.1335261e+03   7.7578164e-12
   6.1335261e+03   7.8085017e-12
   6.1414100e+03   7.8342757e-12
   6.1414100e+03   7.8854606e-12
   6.1493993e+03   7.9114886e-12
   6.1493993e+03   7.9894625e-12
   6.1573037e+03   8.0155194e-12
   6.1573037e+03   8.0682049e-12
   6.1652182e+03   8.0945186e-12
   6.1652182e+03   8.1742963e-12
   6.1732385e+03   8.2009560e-12
   6.1732385e+03   8.2817829e-12
   6.1811735e+03   8.3091191e-12
   6.1811735e+03   8.3910119e-12
   6.1891187e+03   8.4183784e-12
   6.1891187e+03   8.5013481e-12
   6.1971700e+03   8.5290744e-12
   6.1971700e+03   8.6131351e-12
   6.2051358e+03   8.6415650e-12
   6.2051358e+03   8.6980243e-12
   6.2131118e+03   8.7267344e-12
   6.2131118e+03   8.8127431e-12
   6.2211944e+03   8.8414851e-12
   6.2211944e+03   8.9286248e-12
   6.2291910e+03   8.9577447e-12
   6.2291910e+03   9.0460302e-12
   6.2371980e+03   9.0758890e-12
   6.2371980e+03   9.1653390e-12
   6.2453119e+03   9.1952309e-12
   6.2453119e+03   9.2858570e-12
   6.2533395e+03   9.3161420e-12
   6.2533395e+03   9.3773764e-12
   6.2613775e+03   9.4079598e-12
   6.2613775e+03   9.5006826e-12
   6.2695228e+03   9.5320421e-12
   6.2695228e+03   9.5943192e-12
   6.2775816e+03   9.6259878e-12
   6.2775816e+03   9.7208594e-12
   6.2856507e+03   9.7525631e-12
   6.2856507e+03   9.8162809e-12
   6.2938277e+03   9.8486822e-12
   6.2938277e+03   9.9130280e-12
   6.3019177e+03   9.9457486e-12
   6.3019177e+03   1.0010729e-11
   6.3100181e+03   1.0043772e-11
   6.3100181e+03   1.0076529e-11
   6.3182267e+03   1.0109392e-11
   6.3182267e+03   1.0175841e-11
   6.3263481e+03   1.0209028e-11
   6.3263481e+03   1.0242726e-11
   6.3344799e+03   1.0276131e-11
   6.3344799e+03   1.0343676e-11
   6.3508732e+03   1.0411256e-11
   6.3508732e+03   1.0479688e-11
   6.3590366e+03   1.0513867e-11
   6.3754934e+03   1.0582974e-11
   6.3754934e+03   1.0652535e-11
   6.3836884e+03   1.0687277e-11
   6.4002091e+03   1.0757524e-11
   6.4002091e+03   1.0792608e-11
   6.4084358e+03   1.0827808e-11
   6.4166732e+03   1.0863548e-11
   6.4250205e+03   1.0898978e-11
   6.4332792e+03   1.0934524e-11
   6.4415484e+03   1.0970616e-11
   6.4499282e+03   1.0970616e-11
   6.4582188e+03   1.1006396e-11
   6.4665202e+03   1.1042292e-11
   6.4749324e+03   1.1042292e-11
   6.4832552e+03   1.1078740e-11
   6.4915887e+03   1.1078740e-11
   6.5000335e+03   1.1114873e-11
   6.5167544e+03   1.1114873e-11
   6.5252319e+03   1.1151123e-11
   6.5505281e+03   1.1151123e-11
   6.5589480e+03   1.1187491e-11
   6.6956673e+03   1.1187491e-11
   6.7042738e+03   1.1151123e-11
   6.7216241e+03   1.1151123e-11
   6.7302640e+03   1.1114873e-11
   6.7390193e+03   1.1114873e-11
   6.7476816e+03   1.1078740e-11
   6.7563550e+03   1.1042292e-11
   6.7651442e+03   1.1042292e-11
   6.7738401e+03   1.1006396e-11
   6.7825471e+03   1.0970616e-11
   6.7913704e+03   1.0934524e-11
   6.8001000e+03   1.0898978e-11
   6.8088407e+03   1.0863548e-11
   6.8176983e+03   1.0827808e-11
   6.8352363e+03   1.0757524e-11
   6.8352363e+03   1.0722133e-11
   6.8529256e+03   1.0652535e-11
   6.8529256e+03   1.0617489e-11
   6.8706606e+03   1.0548570e-11
   6.8706606e+03   1.0479688e-11
   6.8883349e+03   1.0411256e-11
   6.8883349e+03   1.0343676e-11
   6.9061615e+03   1.0276131e-11
   6.9061615e+03   1.0209028e-11
   6.9240343e+03   1.0142761e-11
   6.9240343e+03   1.0076529e-11
   6.9418459e+03   1.0010729e-11
   6.9418459e+03   9.9457486e-12
   6.9508765e+03   9.9130280e-12
   6.9508765e+03   9.8808027e-12
   6.9598110e+03   9.8486822e-12
   6.9598110e+03   9.7843701e-12
   6.9778227e+03   9.7208594e-12
   6.9778227e+03   9.6573821e-12
   6.9957726e+03   9.5943192e-12
   6.9957726e+03   9.5320421e-12
   7.0048733e+03   9.5006826e-12
   7.0048733e+03   9.4390133e-12
   7.0228929e+03   9.3773764e-12
   7.0228929e+03   9.3161420e-12
   7.0410678e+03   9.2556705e-12
   7.0410678e+03   9.1952309e-12
   7.0501183e+03   9.1653390e-12
   7.0683636e+03   9.1054892e-12
   7.0683636e+03   9.0460302e-12
   7.0774492e+03   9.0166233e-12
   7.0957653e+03   8.9577447e-12
   7.0957653e+03   8.9286248e-12
   7.1048861e+03   8.8995996e-12
   7.1140187e+03   8.8703207e-12
   7.1232732e+03   8.8414851e-12
   7.1324294e+03   8.8414851e-12
   7.1415973e+03   8.8127431e-12
   7.1692829e+03   8.8127431e-12
   7.1786093e+03   8.8414851e-12
   7.1878366e+03   8.8703207e-12
   7.1970758e+03   8.8995996e-12
   7.2064384e+03   8.9286248e-12
   7.2249764e+03   8.9873121e-12
   7.2249764e+03   9.0460302e-12
   7.2343753e+03   9.0758890e-12
   7.2343753e+03   9.1054892e-12
   7.2436743e+03   9.1351859e-12
   7.2436743e+03   9.1952309e-12
   7.2529852e+03   9.2252203e-12
   7.2529852e+03   9.2858570e-12
   7.2624205e+03   9.3161420e-12
   7.2624205e+03   9.3773764e-12
   7.2717556e+03   9.4079598e-12
   7.2717556e+03   9.5006826e-12
   7.2811026e+03   9.5320421e-12
   7.2811026e+03   9.5943192e-12
   7.2905745e+03   9.6259878e-12
   7.2905745e+03   9.7525631e-12
   7.2999457e+03   9.7843701e-12
   7.2999457e+03   9.8808027e-12
   7.3093290e+03   9.9134169e-12
   7.3093290e+03   1.0043772e-11
   7.3188376e+03   1.0076529e-11
   7.3188376e+03   1.0209429e-11
   7.3282452e+03   1.0242726e-11
   7.3282452e+03   1.0411256e-11
   7.3376648e+03   1.0445621e-11
   7.3376648e+03   1.0617489e-11
   7.3472103e+03   1.0652535e-11
   7.3472103e+03   1.0792608e-11
   7.3566543e+03   1.0827808e-11
   7.3566543e+03   1.1042292e-11
   7.3661105e+03   1.1078740e-11
   7.3661105e+03   1.1261026e-11
   7.3756929e+03   1.1298196e-11
   7.3756929e+03   1.1559576e-11
   7.3851736e+03   1.1597277e-11
   7.3851736e+03   1.1827003e-11
   7.3946664e+03   1.1866042e-11
   7.3946664e+03   1.1982991e-11
