   4.9942076e+01   3.6217954e-15
   5.0983892e+01   3.5864482e-15
   5.1979821e+01   3.5630286e-15
   5.2995205e+01   3.5514459e-15
   5.3960227e+01   3.5397620e-15
   5.4943672e+01   3.5397620e-15
   5.5945041e+01   3.5514459e-15
   5.6963778e+01   3.5630286e-15
   5.7927505e+01   3.5746491e-15
   5.8982342e+01   3.5981451e-15
   5.9980219e+01   3.6336076e-15
   6.0994035e+01   3.6694196e-15
   6.1945362e+01   3.7176700e-15
   6.2992394e+01   3.7667026e-15
   6.3974890e+01   3.8162322e-15
   6.4972710e+01   3.8791753e-15
   6.5986093e+01   3.9430017e-15
   6.6929252e+01   4.0080356e-15
   6.7973151e+01   4.0741421e-15
   6.8944712e+01   4.1548456e-15
   6.9929076e+01   4.2371476e-15
   7.0928594e+01   4.3210800e-15
   7.1941284e+01   4.4210469e-15
   7.2969562e+01   4.5086221e-15
   7.3916380e+01   4.6129277e-15
   7.4972889e+01   4.7043038e-15
   7.5945702e+01   4.8133253e-15
   7.6932329e+01   4.9246801e-15
   7.7930567e+01   5.0386111e-15
   7.8941757e+01   5.1384194e-15
   7.9967306e+01   5.2575015e-15
   8.0900935e+01   5.3791322e-15
   8.1950668e+01   5.5035769e-15
   8.2907453e+01   5.6311214e-15
   8.3983221e+01   5.7426666e-15
   8.4963736e+01   5.8755214e-15
   8.5955699e+01   6.0114499e-15
   8.6959244e+01   6.1507643e-15
   8.7974504e+01   6.2726029e-15
   8.8887364e+01   6.4177177e-15
   8.9925136e+01   6.5448443e-15
   9.0975024e+01   6.6962573e-15
   9.1919018e+01   6.8289015e-15
   9.2992185e+01   6.9641731e-15
   9.3955655e+01   7.1252872e-15
   9.4930577e+01   7.2664298e-15
   9.5915616e+01   7.4103683e-15
   9.6909375e+01   7.5571580e-15
   9.7914947e+01   7.7068554e-15
   9.8930952e+01   7.8595182e-15
   9.9955953e+01   8.0152049e-15
   1.0099314e+02   8.1739757e-15
   1.0190851e+02   8.3358915e-15
   1.0296596e+02   8.5010146e-15
   1.0389921e+02   8.6412260e-15
   1.0497731e+02   8.8123974e-15
   1.0592880e+02   8.9577447e-15
   1.0688891e+02   9.1351859e-15
   1.0799803e+02   9.2854928e-15
   1.0897690e+02   9.4694262e-15
   1.0996633e+02   9.6256102e-15
   1.1096304e+02   9.7843701e-15
   1.1196878e+02   9.9781857e-15
   1.1298538e+02   1.0142363e-14
   1.1386309e+02   1.0309646e-14
   1.1489512e+02   1.0479688e-14
   1.1593650e+02   1.0652117e-14
   1.1698912e+02   1.0827808e-14
   1.1789794e+02   1.1006396e-14
   1.1896653e+02   1.1151123e-14
   1.1989071e+02   1.1335044e-14
   1.2097736e+02   1.1521546e-14
   1.2191716e+02   1.1711577e-14
   1.2286425e+02   1.1865576e-14
   1.2397978e+02   1.2061281e-14
   1.2494290e+02   1.2219879e-14
   1.2591350e+02   1.2421427e-14
   1.2689164e+02   1.2584761e-14
   1.2787738e+02   1.2792327e-14
   1.2887078e+02   1.2960538e-14
   1.2987189e+02   1.3130960e-14
   1.3088078e+02   1.3347536e-14
   1.3189751e+02   1.5212017e-14
   1.3292214e+02   1.5462917e-14
   1.3395473e+02   1.6134033e-14
   1.3499533e+02   1.7508499e-14
   1.3586728e+02   1.6779552e-14
   1.3692274e+02   1.7000859e-14
   1.3798641e+02   1.7224409e-14
   1.3887982e+02   1.7855320e-14
   1.3995869e+02   1.8630270e-14
   1.4086487e+02   2.0019294e-14
   1.4195916e+02   1.9823913e-14
   1.4287608e+02   1.8268397e-14
   1.4398599e+02   1.6400140e-14
   1.4491825e+02   1.8691031e-14
   1.4585655e+02   1.9954215e-14
   1.4698961e+02   1.7565602e-14
   1.4793903e+02   1.9124193e-14
   1.4889688e+02   2.2816630e-14
   1.4986093e+02   2.1653275e-14
   1.5082890e+02   2.2667637e-14
   1.5180546e+02   1.9759470e-14
   1.5298474e+02   1.8448447e-14
   1.5397288e+02   1.7111933e-14
   1.5496980e+02   1.8209010e-14
   1.5597317e+02   1.9312677e-14
   1.5698061e+02   2.0415850e-14
   1.5799701e+02   1.9759470e-14
   1.5881338e+02   2.0888984e-14
   1.5984164e+02   2.0685116e-14
   1.6087656e+02   1.9759470e-14
   1.6191567e+02   2.0019294e-14
   1.6296402e+02   2.0617064e-14
   1.6380606e+02   2.1302767e-14
   1.6486665e+02   2.4357676e-14
   1.6593410e+02   2.6605415e-14
   1.6679149e+02   2.3268598e-14
   1.6787140e+02   2.3041506e-14
   1.6895569e+02   2.7132434e-14
   1.6983132e+02   2.7490286e-14
   1.7092827e+02   2.7761224e-14
   1.7181413e+02   2.8126265e-14
   1.7292389e+02   2.8403471e-14
   1.7382008e+02   2.8683410e-14
   1.7494279e+02   2.9060577e-14
   1.7584945e+02   2.9346992e-14
   1.7698528e+02   2.9636229e-14
   1.7790252e+02   3.0027104e-14
   1.7882175e+02   3.0323044e-14
   1.7997677e+02   3.0621902e-14
   1.8090951e+02   3.0923704e-14
   1.8184428e+02   3.1228481e-14
   1.8278388e+02   3.1536262e-14
   1.8396734e+02   3.1950943e-14
   1.8491790e+02   3.2265844e-14
   1.8587626e+02   3.2583849e-14
   1.8683669e+02   3.2904989e-14
   1.8780208e+02   3.3229293e-14
   1.8877538e+02   3.3556794e-14
   1.8999469e+02   3.3887522e-14
   1.9097936e+02   3.4221510e-14
   1.9196616e+02   3.4558789e-14
   1.9295805e+02   3.4899393e-14
   1.9395807e+02   3.5128785e-14
   1.9496026e+02   3.5475006e-14
   1.9596763e+02   3.5824640e-14
   1.9698325e+02   3.6177720e-14
   1.9774689e+02   3.6534279e-14
   1.9876865e+02   3.6894353e-14
   1.9979570e+02   3.7135400e-14
   2.0083116e+02   3.7501399e-14
   2.0186886e+02   3.7871004e-14
   2.0291192e+02   3.8244252e-14
   2.0396353e+02   3.8495629e-14
   2.0475423e+02   3.8875034e-14
   2.0581220e+02   3.9258178e-14
   2.0687564e+02   3.9516219e-14
   2.0794779e+02   3.9905682e-14
   2.0875394e+02   4.0166404e-14
   2.0983258e+02   4.0562275e-14
   2.1091679e+02   4.0962048e-14
   2.1173444e+02   4.1231289e-14
   2.1283178e+02   4.1637655e-14
   2.1393149e+02   4.1909693e-14
   2.1476083e+02   4.2322745e-14
   2.1587050e+02   4.2600930e-14
   2.1698927e+02   4.3020795e-14
   2.1783047e+02   4.3303568e-14
   2.1895600e+02   4.3586490e-14
   2.1980482e+02   4.4016069e-14
   2.2094056e+02   4.4305384e-14
   2.2179707e+02   4.4742048e-14
   2.2294656e+02   4.5036134e-14
   2.2381085e+02   4.5330375e-14
   2.2496729e+02   4.5777142e-14
   2.2583941e+02   4.6078032e-14
   2.2671491e+02   4.6380900e-14
   2.2788636e+02   4.6838020e-14
   2.2876979e+02   4.7144033e-14
   2.2995186e+02   4.7453908e-14
   2.2995897e+02   4.7455770e-14
   2.3085045e+02   4.7923483e-14
   2.3174538e+02   4.8238481e-14
   2.3294281e+02   4.8553645e-14
   2.3384586e+02   4.8872785e-14
   2.3475240e+02   4.9354464e-14
   2.3596902e+02   4.9678868e-14
   2.3688380e+02   5.0003442e-14
   2.3780211e+02   5.0332112e-14
   2.3872399e+02   5.0662942e-14
   2.3995749e+02   5.0993945e-14
   2.4088772e+02   5.1496530e-14
   2.4182156e+02   5.1835014e-14
   2.4275902e+02   5.2175722e-14
   2.4370012e+02   5.2516609e-14
   2.4495933e+02   5.2861798e-14
   2.4590895e+02   5.3207167e-14
   2.4686226e+02   5.3556895e-14
   2.4781926e+02   5.3908921e-14
   2.4877997e+02   5.4261132e-14
   2.4974441e+02   5.4617787e-14
   2.5071258e+02   5.5156088e-14
   2.5168451e+02   5.5518625e-14
   2.5298889e+02   5.5881353e-14
   2.5396964e+02   5.6248658e-14
   2.5495420e+02   5.6618377e-14
   2.5594257e+02   5.6988290e-14
   2.5693477e+02   5.7362870e-14
   2.5793082e+02   5.7739913e-14
   2.5893073e+02   5.7928226e-14
   2.5993452e+02   5.8308984e-14
   2.6094220e+02   5.8689943e-14
   2.6195378e+02   5.9075708e-14
   2.6296929e+02   5.9464009e-14
   2.6398873e+02   5.9852514e-14
   2.6466783e+02   6.0245921e-14
   2.6569386e+02   6.0641914e-14
   2.6672386e+02   6.1038114e-14
   2.6775786e+02   6.1439314e-14
   2.6879587e+02   6.1840725e-14
   2.6983790e+02   6.2044846e-14
   2.7088397e+02   6.2450213e-14
   2.7193409e+02   6.2860694e-14
   2.7298829e+02   6.3273874e-14
   2.7369477e+02   6.3687270e-14
   2.7475579e+02   6.4105883e-14
   2.7582093e+02   6.4314958e-14
   2.7689019e+02   6.4737696e-14
   2.7796360e+02   6.5163213e-14
   2.7868296e+02   6.5588953e-14
   2.7976332e+02   6.6020065e-14
   2.8084787e+02   6.6235383e-14
   2.8193662e+02   6.6670744e-14
   2.8266188e+02   6.7108967e-14
   2.8375767e+02   6.7547420e-14
   2.8485770e+02   6.7991405e-14
   2.8596200e+02   6.8213152e-14
   2.8670205e+02   6.8661513e-14
   2.8781350e+02   6.9112821e-14
   2.8892926e+02   6.9338226e-14
   2.8967699e+02   6.9791243e-14
   2.9079997e+02   7.0249977e-14
   2.9192730e+02   7.0711725e-14
   2.9267827e+02   7.0942345e-14
   2.9381288e+02   7.1408644e-14
   2.9495190e+02   7.1875189e-14
   2.9571522e+02   7.2112432e-14
   2.9686160e+02   7.2583575e-14
   2.9762526e+02   7.3060662e-14
   2.9877905e+02   7.3298943e-14
   2.9993732e+02   7.3780732e-14
   3.0071354e+02   7.4265688e-14
   3.0187931e+02   7.4507898e-14
   3.0266055e+02   7.4997634e-14
   3.0383387e+02   7.5487627e-14
   3.0461546e+02   7.5736794e-14
   3.0579635e+02   7.6231617e-14
   3.0698182e+02   7.6483239e-14
   3.0777627e+02   7.6982938e-14
   3.0896942e+02   7.7488942e-14
   3.0976902e+02   7.7741665e-14
   3.1096989e+02   7.8252656e-14
   3.1176983e+02   7.8507870e-14
   3.1297846e+02   7.9023897e-14
   3.1378843e+02   7.9543316e-14
   3.1460050e+02   7.9802739e-14
   3.1582010e+02   8.0324126e-14
   3.1663253e+02   8.0589257e-14
   3.1786000e+02   8.1115783e-14
   3.1868261e+02   8.1383527e-14
   3.1991803e+02   8.1915242e-14
   3.2074597e+02   8.2453666e-14
   3.2198939e+02   8.2722581e-14
   3.2281769e+02   8.3266311e-14
   3.2365312e+02   8.3537876e-14
   3.2490782e+02   8.4086965e-14
   3.2574866e+02   8.4361207e-14
   3.2658663e+02   8.4915708e-14
   3.2785269e+02   8.5192652e-14
   3.2870116e+02   8.5752618e-14
   3.2997542e+02   8.6032292e-14
   3.3082938e+02   8.6597777e-14
   3.3168042e+02   8.6880208e-14
   3.3296623e+02   8.7451266e-14
   3.3382793e+02   8.7736480e-14
   3.3468668e+02   8.8313166e-14
   3.3598415e+02   8.8601191e-14
   3.3685366e+02   8.9183561e-14
   3.3772541e+02   8.9474425e-14
   3.3859419e+02   9.0062534e-14
   3.3990681e+02   9.0356265e-14
   3.4078647e+02   9.0950171e-14
   3.4166840e+02   9.1246796e-14
   3.4299294e+02   9.1846556e-14
   3.4387526e+02   9.2146104e-14
   3.4476519e+02   9.2446630e-14
   3.4565743e+02   9.3054276e-14
   3.4699743e+02   9.3357764e-14
   3.4789005e+02   9.3971398e-14
   3.4879037e+02   9.4277877e-14
   3.4969303e+02   9.4897560e-14
   3.5059259e+02   9.5207059e-14
   3.5195172e+02   9.5832849e-14
   3.5286255e+02   9.6145399e-14
   3.5377574e+02   9.6462752e-14
   3.5468580e+02   9.7092987e-14
   3.5560371e+02   9.7413468e-14
   3.5698227e+02   9.8049914e-14
   3.5790612e+02   9.8373553e-14
   3.5882681e+02   9.8694389e-14
   3.5975543e+02   9.9343101e-14
   3.6068088e+02   9.9667099e-14
   3.6161430e+02   1.0032220e-13
   3.6255014e+02   1.0064940e-13
   3.6395563e+02   1.0097765e-13
   3.6489188e+02   1.0164137e-13
   3.6583620e+02   1.0197287e-13
   3.6678296e+02   1.0264313e-13
   3.6772649e+02   1.0297789e-13
   3.6867814e+02   1.0331780e-13
   3.6963226e+02   1.0399282e-13
   3.7058312e+02   1.0433198e-13
   3.7154217e+02   1.0467636e-13
   3.7298251e+02   1.0536025e-13
   3.7394777e+02   1.0570802e-13
   3.7490972e+02   1.0639866e-13
   3.7587997e+02   1.0674986e-13
   3.7685273e+02   1.0709801e-13
   3.7782216e+02   1.0780196e-13
   3.7879994e+02   1.0815355e-13
   3.7978025e+02   1.0850628e-13
   3.8075721e+02   1.0921948e-13
   3.8174259e+02   1.0957569e-13
   3.8273052e+02   1.0993738e-13
   3.8371507e+02   1.1065565e-13
   3.8470810e+02   1.1102089e-13
   3.8569774e+02   1.1138298e-13
   3.8669591e+02   1.1211509e-13
   3.8769665e+02   1.1248075e-13
   3.8869398e+02   1.1284759e-13
   3.8969990e+02   1.1358933e-13
   3.9070842e+02   1.1395979e-13
   3.9171349e+02   1.1433595e-13
   3.9272722e+02   1.1508295e-13
   3.9374358e+02   1.1546282e-13
   3.9475646e+02   1.1583939e-13
   3.9577807e+02   1.1660079e-13
   3.9680232e+02   1.1698107e-13
   3.9782307e+02   1.1736260e-13
   3.9885261e+02   1.1813401e-13
   3.9988482e+02   1.1851930e-13
   4.0091350e+02   1.1891050e-13
   4.0195104e+02   1.1968740e-13
   4.0299127e+02   1.2007775e-13
   4.0350927e+02   1.2047409e-13
   4.0454727e+02   1.2086701e-13
   4.0559422e+02   1.2166146e-13
   4.0664387e+02   1.2205825e-13
   4.0768994e+02   1.2245633e-13
   4.0874502e+02   1.2326123e-13
   4.0980283e+02   1.2366323e-13
   4.1085702e+02   1.2407141e-13
   4.1192030e+02   1.2447606e-13
   4.1298632e+02   1.2529424e-13
   4.1351717e+02   1.2570287e-13
   4.1458733e+02   1.2611284e-13
   4.1565383e+02   1.2694177e-13
   4.1672952e+02   1.2735578e-13
   4.1780799e+02   1.2777615e-13
   4.1888278e+02   1.2819288e-13
   4.1996682e+02   1.2903548e-13
   4.2050664e+02   1.2945632e-13
   4.2159489e+02   1.2987853e-13
   4.2268596e+02   1.3073221e-13
   4.2377329e+02   1.3115858e-13
   4.2486999e+02   1.3159151e-13
   4.2596294e+02   1.3202068e-13
   4.2651707e+02   1.3288844e-13
   4.2761426e+02   1.3332185e-13
   4.2872090e+02   1.3375666e-13
   4.2983041e+02   1.3419816e-13
   4.3093612e+02   1.3507494e-13
   4.3149671e+02   1.3552079e-13
   4.3260671e+02   1.3596278e-13
   4.3372627e+02   1.3640621e-13
   4.3484873e+02   1.3730280e-13
   4.3596735e+02   1.3775060e-13
   4.3653450e+02   1.3819986e-13
   4.3765745e+02   1.3865602e-13
   4.3879009e+02   1.3956193e-13
   4.3992565e+02   1.4002259e-13
   4.4049113e+02   1.4047926e-13
   4.4163110e+02   1.4093742e-13
   4.4276716e+02   1.4186379e-13
   4.4391302e+02   1.4232647e-13
   4.4448362e+02   1.4279625e-13
   4.4563392e+02   1.4326197e-13
   4.4678720e+02   1.4420362e-13
   4.4793653e+02   1.4467393e-13
   4.4851924e+02   1.4514577e-13
   4.4967303e+02   1.4562486e-13
   4.5083676e+02   1.4657629e-13
   4.5141626e+02   1.4706011e-13
   4.5258450e+02   1.4753973e-13
   4.5374874e+02   1.4802092e-13
   4.5492302e+02   1.4899385e-13
   4.5550777e+02   1.4947978e-13
   4.5668660e+02   1.4997317e-13
   4.5786848e+02   1.5046230e-13
   4.5845702e+02   1.5095302e-13
   4.5964349e+02   1.5194522e-13
   4.6082589e+02   1.5244078e-13
   4.6142537e+02   1.5294395e-13
   4.6261235e+02   1.5344276e-13
   4.6380957e+02   1.5445133e-13
   4.6440575e+02   1.5495506e-13
   4.6560760e+02   1.5546043e-13
   4.6681257e+02   1.5596745e-13
   4.6741261e+02   1.5648226e-13
   4.6862225e+02   1.5750463e-13
   4.6982775e+02   1.5802451e-13
   4.7043894e+02   1.5853990e-13
   4.7164911e+02   1.5905696e-13
   4.7286971e+02   1.6010243e-13
   4.7347754e+02   1.6062459e-13
   4.7470287e+02   1.6115477e-13
   4.7592401e+02   1.6168036e-13
   4.7654313e+02   1.6220767e-13
   4.7776901e+02   1.6327385e-13
   4.7839053e+02   1.6380635e-13
   4.7962116e+02   1.6434704e-13
   4.8086239e+02   1.6488304e-13
   4.8148049e+02   1.6542079e-13
   4.8272653e+02   1.6650809e-13
   4.8397580e+02   1.6705114e-13
   4.8459790e+02   1.6760254e-13
   4.8585202e+02   1.6814916e-13
   4.8647653e+02   1.6869756e-13
   4.8773550e+02   1.6980640e-13
   4.8836243e+02   1.7036021e-13
   4.8962629e+02   1.7092253e-13
   4.9088582e+02   1.7147997e-13
   4.9152440e+02   1.7203924e-13
   4.9278882e+02   1.7317004e-13
   4.9342988e+02   1.7373482e-13
   4.9469919e+02   1.7430828e-13
   4.9534274e+02   1.7487677e-13
   4.9661698e+02   1.7544711e-13
   4.9790219e+02   1.7660032e-13
   4.9854219e+02   1.7717628e-13
   4.9983239e+02   1.7776110e-13
   5.0047487e+02   1.7834085e-13
   5.0177008e+02   1.7892249e-13
   5.0241505e+02   1.8009854e-13
   5.0371527e+02   1.8068591e-13
   5.0436274e+02   1.8127520e-13
   5.0566800e+02   1.8187355e-13
   5.0696880e+02   1.8246671e-13
   5.0762831e+02   1.8366605e-13
   5.0893415e+02   1.8426506e-13
   5.0959621e+02   1.8486603e-13
   5.1090711e+02   1.8547623e-13
   5.1157175e+02   1.8608114e-13
   5.1288773e+02   1.8668803e-13
   5.1355494e+02   1.8791511e-13
   5.1487602e+02   1.8852798e-13
   5.1554582e+02   1.8915027e-13
   5.1687202e+02   1.8976716e-13
   5.1754441e+02   1.9038607e-13
   5.1887576e+02   1.9163747e-13
   5.1955076e+02   1.9226247e-13
   5.2088727e+02   1.9289709e-13
   5.2156488e+02   1.9352620e-13
   5.2290657e+02   1.9415737e-13
   5.2358682e+02   1.9479824e-13
   5.2493371e+02   1.9607094e-13
   5.2561659e+02   1.9671813e-13
   5.2696870e+02   1.9735970e-13
   5.2764606e+02   1.9800337e-13
   5.2833247e+02   1.9865694e-13
   5.2835700e+02   1.9868032e-13
   5.2972436e+02   1.9998623e-13
   5.3040526e+02   2.0063847e-13
   5.3177792e+02   2.0129283e-13
   5.3246146e+02   2.0195725e-13
   5.3383944e+02   2.0261592e-13
   5.3452564e+02   2.0327673e-13
   5.3590896e+02   2.0461285e-13
   5.3659781e+02   2.0528018e-13
   5.3798650e+02   2.0595776e-13
   5.3867802e+02   2.0662947e-13
   5.3937043e+02   2.0730338e-13
   5.4076629e+02   2.0798763e-13
   5.4146139e+02   2.0934651e-13
   5.4286266e+02   2.1003751e-13
   5.4356045e+02   2.1072253e-13
   5.4496716e+02   2.1140978e-13
   5.4566765e+02   2.1210760e-13
   5.4636905e+02   2.1279937e-13
   5.4778302e+02   2.1419808e-13
   5.4848714e+02   2.1489667e-13
   5.4990659e+02   2.1559754e-13
   5.5061344e+02   2.1630069e-13
   5.5132972e+02   2.1701464e-13
   5.5274798e+02   2.1772242e-13
   5.5346704e+02   2.1843250e-13
   5.5489080e+02   2.1986824e-13
   5.5561265e+02   2.2058532e-13
   5.5632683e+02   2.2131342e-13
   5.5776657e+02   2.2203521e-13
   5.5848352e+02   2.2275936e-13
   5.5992885e+02   2.2349464e-13
   5.6064857e+02   2.2495483e-13
   5.6136922e+02   2.2569735e-13
   5.6282202e+02   2.2643344e-13
   5.6354546e+02   2.2717193e-13
   5.6427857e+02   2.2792177e-13
   5.6573014e+02   2.2866512e-13
   5.6646609e+02   2.3016812e-13
   5.6792329e+02   2.3091879e-13
   5.6866209e+02   2.3167191e-13
   5.6939304e+02   2.3243661e-13
   5.7086660e+02   2.3319468e-13
   5.7160039e+02   2.3395522e-13
   5.7233512e+02   2.3472745e-13
   5.7381629e+02   2.3626103e-13
   5.7455387e+02   2.3704087e-13
   5.7529239e+02   2.3781396e-13
   5.7678122e+02   2.3858957e-13
   5.7752261e+02   2.3937709e-13
   5.7827390e+02   2.4015780e-13
   5.7976147e+02   2.4094105e-13
   5.8051567e+02   2.4252474e-13
   5.8126186e+02   2.4331571e-13
   5.8276613e+02   2.4411884e-13
   5.8351522e+02   2.4491501e-13
   5.8426526e+02   2.4571378e-13
   5.8577731e+02   2.4651515e-13
   5.8653026e+02   2.4732884e-13
   5.8729327e+02   2.4894475e-13
   5.8880404e+02   2.4976646e-13
   5.8957001e+02   2.5058105e-13
   5.9032784e+02   2.5139830e-13
   5.9185557e+02   2.5222810e-13
   5.9261634e+02   2.5305072e-13
   5.9337808e+02   2.5387602e-13
   5.9491371e+02   2.5554473e-13
   5.9567841e+02   2.5637817e-13
   5.9645332e+02   2.5722441e-13
   5.9798765e+02   2.5806332e-13
   5.9876557e+02   2.5890497e-13
   5.9953521e+02   2.5975956e-13
   6.0030585e+02   2.6060674e-13
   6.0185941e+02   2.6145668e-13
   6.0263303e+02   2.6317522e-13
   6.0340765e+02   2.6403354e-13
   6.0496924e+02   2.6490506e-13
   6.0574686e+02   2.6576902e-13
   6.0653487e+02   2.6663580e-13
   6.0731450e+02   2.6751590e-13
   6.0888620e+02   2.6838838e-13
   6.0966885e+02   2.7015248e-13
   6.1045252e+02   2.7103356e-13
   6.1124665e+02   2.7191751e-13
   6.1281904e+02   2.7281504e-13
   6.1361624e+02   2.7370480e-13
   6.1440498e+02   2.7459747e-13
   6.1519473e+02   2.7550385e-13
   6.1678682e+02   2.7730384e-13
   6.1757963e+02   2.7821915e-13
   6.1838303e+02   2.7912654e-13
   6.1997378e+02   2.8003688e-13
   6.2078030e+02   2.8095020e-13
   6.2157824e+02   2.8187755e-13
   6.2237721e+02   2.8279686e-13
   6.2398789e+02   2.8465567e-13
   6.2478996e+02   2.8558405e-13
   6.2560274e+02   2.8651545e-13
   6.2640688e+02   2.8746117e-13
   6.2721206e+02   2.8839870e-13
   6.2883525e+02   2.8933929e-13
   6.2964355e+02   2.9029433e-13
   6.3046264e+02   2.9219095e-13
   6.3127303e+02   2.9315540e-13
   6.3290673e+02   2.9411150e-13
   6.3372027e+02   2.9507072e-13
   6.3453484e+02   2.9604468e-13
   6.3536030e+02   2.9701020e-13
   6.3617699e+02   2.9896243e-13
   6.3781351e+02   2.9993747e-13
   6.3864323e+02   3.0091568e-13
   6.3946413e+02   3.0190894e-13
   6.4028610e+02   3.0289358e-13
   6.4194312e+02   3.0488448e-13
   6.4276827e+02   3.0587884e-13
   6.4360444e+02   3.0687643e-13
   6.4443172e+02   3.0788936e-13
   6.4526007e+02   3.0889351e-13
   6.4692996e+02   3.1092385e-13
   6.4776152e+02   3.1193790e-13
   6.4860419e+02   3.1295525e-13
   6.4943789e+02   3.1501229e-13
   6.5027268e+02   3.1603967e-13
   6.5195555e+02   3.1708284e-13
   6.5279356e+02   3.1811698e-13
   6.5364277e+02   3.2020794e-13
   6.5448296e+02   3.2125227e-13
   6.5532422e+02   3.2335115e-13
   6.5617673e+02   3.2441846e-13
   6.5786470e+02   3.2653803e-13
   6.5872050e+02   3.2761586e-13
   6.5956722e+02   3.2975632e-13
   6.6041502e+02   3.3084477e-13
   6.6127414e+02   3.3300632e-13
   6.6297522e+02   3.3519515e-13
   6.6383768e+02   3.3739837e-13
   6.6469097e+02   3.3960274e-13
   6.6554535e+02   3.4183493e-13
   6.6641115e+02   3.4408179e-13
   6.6726775e+02   3.4747298e-13
   6.6812545e+02   3.4974318e-13
   6.6985452e+02   3.5319017e-13
   6.7071555e+02   3.5667114e-13
   6.7157768e+02   3.6018641e-13
   6.7245132e+02   3.6493693e-13
   6.7331569e+02   3.6973561e-13
   6.7418116e+02   3.7583384e-13
   6.7592590e+02   3.8201767e-13
   6.7679473e+02   3.8958494e-13
   6.7767517e+02   3.9861351e-13
   6.7854624e+02   4.0783531e-13
   6.7941844e+02   4.2001316e-13
   6.8030228e+02   4.3255462e-13
   6.8117674e+02   4.4839862e-13
   6.8293959e+02   4.6480474e-13
   6.8381743e+02   4.8340147e-13
   6.8469640e+02   5.0274225e-13
   6.8558711e+02   5.2115715e-13
   6.8646836e+02   5.3497398e-13
   6.8735074e+02   5.4557112e-13
   6.8824491e+02   5.4913558e-13
   6.8912957e+02   5.4557112e-13
   6.9091300e+02   5.3671875e-13
   6.9180109e+02   5.2629356e-13
   6.9269033e+02   5.1270092e-13
   6.9359144e+02   4.9947893e-13
   6.9448297e+02   4.8657884e-13
   6.9537565e+02   4.7557652e-13
   6.9628026e+02   4.6633895e-13
   6.9717525e+02   4.5728082e-13
   6.9897950e+02   4.4986103e-13
   6.9987796e+02   4.4402244e-13
   7.0077758e+02   4.3824243e-13
   7.0168921e+02   4.3396536e-13
   7.0259115e+02   4.2973004e-13
   7.0349426e+02   4.2694064e-13
   7.0440942e+02   4.2553605e-13
   7.0531486e+02   4.2277387e-13
   7.0622147e+02   4.2138299e-13
   7.0712924e+02   4.2001316e-13
   7.0895925e+02   4.1864777e-13
   7.0987054e+02   4.1864777e-13
   7.1079400e+02   4.1727046e-13
   7.1723644e+02   4.1727046e-13
   7.1815837e+02   4.1864777e-13
   7.2094243e+02   4.1864777e-13
   7.2188030e+02   4.2001316e-13
   7.2280819e+02   4.2001316e-13
   7.2373728e+02   4.2138299e-13
   7.2467878e+02   4.2277387e-13
   7.2561028e+02   4.2277387e-13
   7.2654297e+02   4.2415271e-13
   7.2748812e+02   4.2553605e-13
   7.2842322e+02   4.2553605e-13
   7.2935953e+02   4.2694064e-13
   7.3030834e+02   4.2833307e-13
   7.3124708e+02   4.2833307e-13
   7.3218701e+02   4.2973004e-13
   7.3313950e+02   4.3114847e-13
   7.3408187e+02   4.3255462e-13
   7.3502546e+02   4.3396536e-13
   7.3692766e+02   4.3396536e-13
   7.3787490e+02   4.3539778e-13
   7.3883479e+02   4.3681779e-13
   7.3978448e+02   4.3824243e-13
   7.4073539e+02   4.3968896e-13
   7.4169901e+02   4.4112297e-13
   7.4265238e+02   4.4112297e-13
   7.4360698e+02   4.4256165e-13
   7.4457432e+02   4.4402244e-13
   7.4553139e+02   4.4547058e-13
   7.4648969e+02   4.4692344e-13
   7.4744922e+02   4.4839862e-13
   7.4842157e+02   4.4986103e-13
   7.4938358e+02   4.5132821e-13
   7.5034683e+02   4.5280018e-13
   7.5132295e+02   4.5280018e-13
   7.5228869e+02   4.5429477e-13
   7.5325567e+02   4.5577641e-13
   7.5423557e+02   4.5726288e-13
   7.5520506e+02   4.5877219e-13
   7.5617579e+02   4.5877219e-13
   7.5715949e+02   4.6026844e-13
   7.5813273e+02   4.6176956e-13
   7.5910723e+02   4.6329375e-13
   7.6009474e+02   4.6480474e-13
   7.6107176e+02   4.6632066e-13
   7.6205003e+02   4.6632066e-13
   7.6304137e+02   4.6785987e-13
   7.6402218e+02   4.6938575e-13
   7.6500424e+02   4.7091661e-13
   7.6599943e+02   4.7247100e-13
   7.6698404e+02   4.7401192e-13
   7.6896895e+02   4.7401192e-13
   7.6995737e+02   4.7555786e-13
   7.7094707e+02   4.7712756e-13
   7.7194998e+02   4.7868367e-13
   7.7294224e+02   4.8024485e-13
   7.7393577e+02   4.8183003e-13
   7.7494257e+02   4.8183003e-13
   7.7593868e+02   4.8340147e-13
   7.7693606e+02   4.8497804e-13
   7.7794677e+02   4.8657884e-13
   7.7894673e+02   4.8816577e-13
   7.7994798e+02   4.8975788e-13
   7.8096260e+02   4.9137445e-13
   7.8196645e+02   4.9297702e-13
   7.8297158e+02   4.9458482e-13
   7.8399013e+02   4.9621733e-13
   7.8499787e+02   4.9783570e-13
   7.8600689e+02   4.9945934e-13
   7.8701722e+02   5.0110794e-13
   7.8804104e+02   5.0110794e-13
   7.8905398e+02   5.0274225e-13
   7.9006822e+02   5.0438190e-13
   7.9109601e+02   5.0604675e-13
   7.9211287e+02   5.0769717e-13
   7.9313105e+02   5.0935298e-13
   7.9416282e+02   5.1103423e-13
   7.9518363e+02   5.1103423e-13
   7.9620575e+02   5.1270092e-13
   7.9724152e+02   5.1437305e-13
   7.9826629e+02   5.1605063e-13
   7.9929237e+02   5.1775399e-13
   8.0033216e+02   5.1944259e-13
   8.0136090e+02   5.2113671e-13
   8.0239096e+02   5.2113671e-13
   8.0343478e+02   5.2285686e-13
   8.0446751e+02   5.2456211e-13
   8.0550156e+02   5.2627292e-13
   8.0654943e+02   5.2801002e-13
   8.0758616e+02   5.2973207e-13
   8.0862422e+02   5.3145974e-13
   8.0967615e+02   5.3145974e-13
   8.1071690e+02   5.3321397e-13
   8.1175898e+02   5.3495300e-13
   8.1281499e+02   5.3669769e-13
   8.1385977e+02   5.3846921e-13
   8.1490590e+02   5.4022537e-13
   8.1596600e+02   5.4198727e-13
   8.1701483e+02   5.4377624e-13
   8.1806502e+02   5.4554972e-13
   8.1912922e+02   5.4732897e-13
   8.2018212e+02   5.4913558e-13
   8.2123638e+02   5.5092653e-13
   8.2230471e+02   5.5272333e-13
   8.2336169e+02   5.5272333e-13
   8.2442003e+02   5.5454774e-13
   8.2549251e+02   5.5635634e-13
   8.2655359e+02   5.5817085e-13
   8.2761603e+02   5.6001324e-13
   8.2867984e+02   5.6183967e-13
   8.2975786e+02   5.6367206e-13
   8.2979639e+02   5.6371628e-13
   8.3086300e+02   5.6371628e-13
   8.3193098e+02   5.6557698e-13
   8.3193098e+02   5.6742155e-13
   8.3301323e+02   5.6927215e-13
   8.3408398e+02   5.7115118e-13
   8.3515610e+02   5.7301393e-13
   8.3624254e+02   5.7301393e-13
   8.3731744e+02   5.7488277e-13
   8.3839372e+02   5.7678032e-13
   8.3948437e+02   5.7866143e-13
   8.4056344e+02   5.8054868e-13
   8.4164389e+02   5.8246494e-13
   8.4273877e+02   5.8436459e-13
   8.4382202e+02   5.8436459e-13
   8.4490666e+02   5.8627044e-13
   8.4490666e+02   5.8820558e-13
   8.4600579e+02   5.9012396e-13
   8.4709323e+02   5.9204859e-13
   8.4818208e+02   5.9400281e-13
   8.4928547e+02   5.9400281e-13
   8.5037713e+02   5.9594009e-13
   8.5147019e+02   5.9788369e-13
   8.5257786e+02   5.9985717e-13
   8.5367375e+02   6.0181355e-13
   8.5477106e+02   6.0377630e-13
   8.5586977e+02   6.0576923e-13
   8.5698316e+02   6.0774489e-13
   8.5808472e+02   6.0972699e-13
   8.5918769e+02   6.1173955e-13
   8.6030539e+02   6.1373469e-13
   8.6141122e+02   6.1573632e-13
   8.6251847e+02   6.1573632e-13
   8.6364051e+02   6.1774449e-13
   8.6475062e+02   6.1978352e-13
   8.6586217e+02   6.2180488e-13
   8.6698855e+02   6.2589197e-13
   8.6810297e+02   6.2589197e-13
   8.6810297e+02   6.2589197e-13
   8.6921882e+02   6.2793326e-13
   8.7034958e+02   6.2998120e-13
   8.7146831e+02   6.3206062e-13
   8.7258849e+02   6.3412203e-13
   8.7372363e+02   6.3619016e-13
   8.7484670e+02   6.3619016e-13
   8.7597122e+02   6.3829007e-13
   8.7597122e+02   6.4037179e-13
   8.7711076e+02   6.4246031e-13
   8.7823819e+02   6.4458092e-13
   8.7936707e+02   6.4668316e-13
   8.8051102e+02   6.4668316e-13
   8.8164282e+02   6.4879225e-13
   8.8277608e+02   6.5093376e-13
   8.8392447e+02   6.5305672e-13
   8.8392447e+02   6.5518660e-13
   8.8506066e+02   6.5734922e-13
   8.8619830e+02   6.5734922e-13
   8.8735115e+02   6.5949310e-13
   8.8849174e+02   6.6164398e-13
   8.8963380e+02   6.6382791e-13
   8.9079111e+02   6.6599292e-13
   8.9193612e+02   6.6816500e-13
   8.9308261e+02   6.7037045e-13
   8.9424441e+02   6.7255680e-13
   8.9539386e+02   6.7475028e-13
   8.9654479e+02   6.7697747e-13
   8.9771109e+02   6.7697747e-13
   8.9886500e+02   6.7918537e-13
   8.9886500e+02   6.8140047e-13
   9.0002039e+02   6.8364961e-13
   9.0117727e+02   6.8587927e-13
   9.0234960e+02   6.8587927e-13
   9.0350947e+02   6.8811620e-13
   9.0467083e+02   6.9038751e-13
   9.0584770e+02   6.9263915e-13
   9.0584770e+02   6.9489812e-13
   9.0701207e+02   6.9719182e-13
   9.0817793e+02   6.9719182e-13
   9.0935937e+02   6.9946565e-13
   9.1052825e+02   7.0174689e-13
   9.1169863e+02   7.0403557e-13
   9.1288465e+02   7.0635942e-13
   9.1405806e+02   7.0866315e-13
   9.1523298e+02   7.1097439e-13
   9.1642360e+02   7.1332115e-13
   9.1760156e+02   7.1564758e-13
   9.1878103e+02   7.1564758e-13
   9.1997626e+02   7.1798159e-13
   9.1997626e+02   7.2035148e-13
   9.2115879e+02   7.2270084e-13
   9.2234284e+02   7.2505786e-13
   9.2354270e+02   7.2505786e-13
   9.2472981e+02   7.2745111e-13
   9.2591845e+02   7.2982362e-13
   9.2591845e+02   7.3220387e-13
   9.2712297e+02   7.3462070e-13
   9.2831468e+02   7.3701660e-13
   9.2950793e+02   7.3942031e-13
   9.3071711e+02   7.4186096e-13
   9.3191344e+02   7.4428047e-13
   9.3311131e+02   7.4670787e-13
   9.3432519e+02   7.4917258e-13
   9.3552616e+02   7.5161594e-13
   9.3672867e+02   7.5406726e-13
   9.3794725e+02   7.5655626e-13
   9.3794725e+02   7.5902370e-13
   9.3915288e+02   7.6149918e-13
   9.4036006e+02   7.6401271e-13
   9.4158336e+02   7.6650447e-13
   9.4279366e+02   7.6900435e-13
   9.4400551e+02   7.7154265e-13
   9.4523356e+02   7.7405896e-13
   9.4644855e+02   7.7658348e-13
   9.4766511e+02   7.7914680e-13
   9.4888323e+02   7.8423732e-13
   9.5011761e+02   7.8423732e-13
   9.5011761e+02   7.8423732e-13
   9.5133889e+02   7.8682590e-13
   9.5256173e+02   7.8939206e-13
   9.5380090e+02   7.9196659e-13
   9.5380090e+02   7.9458068e-13
   9.5502691e+02   7.9717213e-13
   9.5625449e+02   7.9977204e-13
   9.5749847e+02   8.0238042e-13
   9.5872922e+02   8.0502889e-13
   9.5996156e+02   8.0765441e-13
   9.6121037e+02   8.1028850e-13
   9.6244589e+02   8.1296307e-13
   9.6368301e+02   8.1561447e-13
   9.6493665e+02   8.1827452e-13
   9.6493665e+02   8.2097546e-13
   9.6617697e+02   8.2365299e-13
   9.6741889e+02   8.2365299e-13
   9.6867739e+02   8.2633926e-13
   9.6992252e+02   8.2906681e-13
   9.6992252e+02   8.3177073e-13
   9.7116924e+02   8.3448347e-13
   9.7243263e+02   8.3723791e-13
   9.7368258e+02   8.3996848e-13
   9.7493414e+02   8.4270796e-13
   9.7620242e+02   8.4548954e-13
   9.7745722e+02   8.4824702e-13
   9.7871363e+02   8.5101350e-13
   9.7998683e+02   8.5382250e-13
   9.7998683e+02   8.5660716e-13
   9.8124649e+02   8.5940090e-13
   9.8250778e+02   8.5940090e-13
   9.8378591e+02   8.6223758e-13
   9.8378591e+02   8.6504969e-13
   9.8505046e+02   8.6787097e-13
   9.8631663e+02   8.7073561e-13
   9.8759971e+02   8.7357543e-13
   9.8886916e+02   8.7642451e-13
   9.9014025e+02   8.7931738e-13
   9.9142831e+02   8.8218519e-13
   9.9270268e+02   8.8506236e-13
   9.9397869e+02   8.9087982e-13
   9.9527174e+02   8.9087982e-13
   9.9527174e+02   8.9087982e-13
   9.9655105e+02   8.9378534e-13
   9.9783201e+02   8.9673551e-13
   9.9783201e+02   8.9966013e-13
   9.9913007e+02   9.0259429e-13
   1.0004143e+03   9.0557354e-13
   1.0017003e+03   9.0852698e-13
   1.0029878e+03   9.1149006e-13
   1.0042926e+03   9.1449867e-13
   1.0055835e+03   9.1748122e-13
   1.0068761e+03   9.2347554e-13
   1.0081859e+03   9.2347554e-13
   1.0081859e+03   9.2347554e-13
   1.0094818e+03   9.2652371e-13
   1.0107794e+03   9.2954548e-13
   1.0107794e+03   9.3257711e-13
   1.0120943e+03   9.3565533e-13
   1.0133953e+03   9.3870688e-13
   1.0146979e+03   9.4176838e-13
   1.0160179e+03   9.4487694e-13
   1.0173238e+03   9.4795857e-13
   1.0186315e+03   9.5105024e-13
   1.0199566e+03   9.5418944e-13
   1.0212677e+03   9.5730144e-13
   1.0225804e+03   9.6042358e-13
   1.0239107e+03   9.6359372e-13
   1.0239107e+03   9.6673639e-13
   1.0252268e+03   9.6988931e-13
   1.0265446e+03   9.6988931e-13
   1.0278800e+03   9.7309068e-13
   1.0278800e+03   9.7626433e-13
   1.0292012e+03   9.7944832e-13
   1.0305242e+03   9.8268125e-13
   1.0318648e+03   9.8588617e-13
   1.0331911e+03   9.8910155e-13
   1.0345192e+03   9.9236634e-13
   1.0358649e+03   9.9884991e-13
   1.0371964e+03   9.9884991e-13
   1.0371964e+03   9.9884991e-13
   1.0385296e+03   1.0021469e-12
   1.0398806e+03   1.0054153e-12
   1.0398806e+03   1.0086944e-12
   1.0412173e+03   1.0120238e-12
   1.0425557e+03   1.0120238e-12
   1.0439119e+03   1.0153244e-12
   1.0439119e+03   1.0186358e-12
   1.0452537e+03   1.0219981e-12
   1.0465973e+03   1.0253313e-12
   1.0479588e+03   1.0286753e-12
   1.0493058e+03   1.0320707e-12
   1.0506546e+03   1.0388137e-12
   1.0520214e+03   1.0388137e-12
   1.0520214e+03   1.0388137e-12
   1.0533737e+03   1.0422425e-12
   1.0547276e+03   1.0456417e-12
   1.0547276e+03   1.0490520e-12
   1.0560834e+03   1.0524734e-12
   1.0574572e+03   1.0524734e-12
   1.0588165e+03   1.0559473e-12
   1.0588165e+03   1.0593912e-12
   1.0601775e+03   1.0628463e-12
   1.0615566e+03   1.0663545e-12
   1.0629211e+03   1.0698323e-12
   1.0642874e+03   1.0733215e-12
   1.0656719e+03   1.0803764e-12
   1.0670417e+03   1.0803764e-12
   1.0670417e+03   1.0803764e-12
   1.0684133e+03   1.0838999e-12
   1.0698032e+03   1.0874776e-12
   1.0698032e+03   1.0910243e-12
   1.0711783e+03   1.0945826e-12
   1.0725552e+03   1.0945826e-12
   1.0739504e+03   1.0981955e-12
   1.0739504e+03   1.1017772e-12
   1.0753309e+03   1.1053706e-12
   1.0767131e+03   1.1090191e-12
   1.0781138e+03   1.1126361e-12
   1.0794996e+03   1.1162648e-12
   1.0808872e+03   1.1199494e-12
   1.0822933e+03   1.1236020e-12
   1.0836844e+03   1.1272665e-12
   1.0836844e+03   1.1309873e-12
   1.0850774e+03   1.1346760e-12
   1.0864890e+03   1.1346760e-12
   1.0878855e+03   1.1383766e-12
   1.0878855e+03   1.1421341e-12
   1.0892839e+03   1.1458591e-12
   1.0907009e+03   1.1495962e-12
   1.0921029e+03   1.1533907e-12
   1.0935067e+03   1.1571524e-12
   1.0949292e+03   1.1609263e-12
   1.0963366e+03   1.1647583e-12
   1.0977458e+03   1.1723682e-12
   1.0991739e+03   1.1723682e-12
   1.0991739e+03   1.1723682e-12
   1.1005867e+03   1.1762379e-12
   1.1005867e+03   1.1800741e-12
   1.1020014e+03   1.1839228e-12
   1.1034350e+03   1.1839228e-12
   1.1048533e+03   1.1878306e-12
   1.1048533e+03   1.1917046e-12
   1.1062735e+03   1.1955913e-12
   1.1077126e+03   1.1994906e-12
   1.1091365e+03   1.2034498e-12
   1.1105622e+03   1.2113125e-12
   1.1119897e+03   1.2113125e-12
   1.1119897e+03   1.2113125e-12
   1.1134362e+03   1.2153107e-12
   1.1148674e+03   1.2232509e-12
   1.1163005e+03   1.2232509e-12
   1.1163005e+03   1.2232509e-12
   1.1177527e+03   1.2272886e-12
   1.1177527e+03   1.2312913e-12
   1.1191894e+03   1.2353070e-12
   1.1206280e+03   1.2393845e-12
   1.1220858e+03   1.2434266e-12
   1.1235281e+03   1.2474819e-12
   1.1249723e+03   1.2515996e-12
   1.1264358e+03   1.2556815e-12
   1.1278837e+03   1.2597768e-12
   1.1293334e+03   1.2639350e-12
   1.1308026e+03   1.2721929e-12
   1.1322561e+03   1.2721929e-12
   1.1322561e+03   1.2721929e-12
   1.1337115e+03   1.2763921e-12
   1.1337115e+03   1.2805549e-12
   1.1351863e+03   1.2847313e-12
   1.1366455e+03   1.2889719e-12
   1.1381065e+03   1.2931758e-12
   1.1395870e+03   1.2973934e-12
   1.1410519e+03   1.3016758e-12
   1.1425186e+03   1.3059211e-12
   1.1440048e+03   1.3101802e-12
   1.1454753e+03   1.3145048e-12
   1.1469477e+03   1.3230930e-12
   1.1484398e+03   1.3230930e-12
   1.1484398e+03   1.3230930e-12
   1.1499160e+03   1.3274603e-12
   1.1499160e+03   1.3317897e-12
   1.1513940e+03   1.3361332e-12
   1.1528919e+03   1.3405434e-12
   1.1543738e+03   1.3449155e-12
   1.1544095e+03   1.3450210e-12
   1.1558934e+03   1.3494077e-12
   1.1573971e+03   1.3538617e-12
   1.1588848e+03   1.3582772e-12
   1.1603744e+03   1.3627071e-12
   1.1618839e+03   1.3716641e-12
   1.1633774e+03   1.3716641e-12
   1.1633774e+03   1.3716641e-12
   1.1648728e+03   1.3761377e-12
   1.1648728e+03   1.3806800e-12
   1.1663881e+03   1.3851829e-12
   1.1678874e+03   1.3897006e-12
   1.1693886e+03   1.3942876e-12
   1.1709098e+03   1.3988350e-12
   1.1724149e+03   1.4033972e-12
   1.1739219e+03   1.4126216e-12
   1.1754491e+03   1.4126216e-12
   1.1754491e+03   1.4126216e-12
   1.1769600e+03   1.4219067e-12
   1.1784728e+03   1.4219067e-12
   1.1784728e+03   1.4219067e-12
   1.1800059e+03   1.4265441e-12
   1.1800059e+03   1.4311966e-12
   1.1815227e+03   1.4359207e-12
   1.1830414e+03   1.4406038e-12
   1.1845804e+03   1.4500728e-12
   1.1861030e+03   1.4500728e-12
   1.1861030e+03   1.4500728e-12
   1.1876276e+03   1.4595468e-12
   1.1891542e+03   1.4595468e-12
   1.1891542e+03   1.4595468e-12
   1.1907011e+03   1.4643069e-12
   1.1907011e+03   1.4691403e-12
   1.1922317e+03   1.4739317e-12
   1.1937641e+03   1.4787388e-12
   1.1953171e+03   1.4836198e-12
   1.1968535e+03   1.4884585e-12
   1.1983920e+03   1.4933129e-12
   1.1999509e+03   1.4982420e-12
   1.2014933e+03   1.5080307e-12
   1.2030377e+03   1.5080307e-12
   1.2030377e+03   1.5080307e-12
   1.2046027e+03   1.5130084e-12
   1.2046027e+03   1.5179429e-12
   1.2061511e+03   1.5228935e-12
   1.2077015e+03   1.5279202e-12
   1.2092726e+03   1.5329034e-12
   1.2108270e+03   1.5379028e-12
   1.2123833e+03   1.5429791e-12
   1.2139605e+03   1.5480114e-12
   1.2155209e+03   1.5581863e-12
   1.2170833e+03   1.5581863e-12
   1.2170833e+03   1.5581863e-12
   1.2186666e+03   1.5683667e-12
   1.2202331e+03   1.5683667e-12
   1.2202331e+03   1.5683667e-12
   1.2218016e+03   1.5735435e-12
   1.2218016e+03   1.5786754e-12
   1.2233910e+03   1.5838241e-12
   1.2249635e+03   1.5890520e-12
   1.2265381e+03   1.5942345e-12
   1.2281337e+03   1.5994340e-12
   1.2297123e+03   1.6047133e-12
   1.2312930e+03   1.6099469e-12
   1.2328947e+03   1.6151976e-12
   1.2344795e+03   1.6205290e-12
   1.2344795e+03   1.6258142e-12
   1.2360663e+03   1.6311167e-12
   1.2376742e+03   1.6365006e-12
   1.2392651e+03   1.6418379e-12
   1.2408581e+03   1.6471926e-12
   1.2424723e+03   1.6526296e-12
   1.2440694e+03   1.6580195e-12
   1.2456685e+03   1.6634269e-12
   1.2472889e+03   1.6688521e-12
   1.2488922e+03   1.6743605e-12
   1.2504975e+03   1.6798213e-12
   1.2504975e+03   1.6852999e-12
   1.2521049e+03   1.6908627e-12
   1.2537337e+03   1.6963773e-12
   1.2553453e+03   1.7019098e-12
   1.2569589e+03   1.7075274e-12
   1.2585940e+03   1.7130964e-12
   1.2602118e+03   1.7186835e-12
   1.2618317e+03   1.7243564e-12
   1.2634732e+03   1.7356224e-12
   1.2650972e+03   1.7356224e-12
   1.2650972e+03   1.7356224e-12
   1.2683712e+03   1.7470306e-12
   1.2683712e+03   1.7527284e-12
   1.2700016e+03   1.7585137e-12
   1.2716340e+03   1.7642489e-12
   1.2732883e+03   1.7700029e-12
   1.2749250e+03   1.7758452e-12
   1.2765637e+03   1.7816370e-12
   1.2782244e+03   1.7874476e-12
   1.2798674e+03   1.7933476e-12
   1.2815125e+03   1.8050643e-12
   1.2831796e+03   1.8050643e-12
   1.2831796e+03   1.8050643e-12
   1.2864805e+03   1.8169289e-12
   1.2864805e+03   1.8228546e-12
   1.2881541e+03   1.8288714e-12
   1.2898099e+03   1.8348361e-12
   1.2914678e+03   1.8408203e-12
   1.2931478e+03   1.8468964e-12
   1.2948100e+03   1.8529199e-12
   1.2964744e+03   1.8589630e-12
   1.2981609e+03   1.8650990e-12
   1.2998296e+03   1.8711818e-12
   1.3015004e+03   1.8834810e-12
   1.3031935e+03   1.8834810e-12
   1.3031935e+03   1.8834810e-12
   1.3065458e+03   1.8957866e-12
   1.3065458e+03   1.9019695e-12
   1.3082455e+03   1.9082475e-12
   1.3099271e+03   1.9144711e-12
   1.3116109e+03   1.9207149e-12
   1.3133171e+03   1.9270548e-12
   1.3150053e+03   1.9333397e-12
   1.3166956e+03   1.9396451e-12
   1.3183880e+03   1.9523942e-12
   1.3201031e+03   1.9523942e-12
   1.3201031e+03   1.9523942e-12
   1.3217999e+03   1.9587618e-12
   1.3234990e+03   1.9716366e-12
   1.3252207e+03   1.9716366e-12
   1.3252207e+03   1.9716366e-12
   1.3286297e+03   1.9845960e-12
   1.3286297e+03   1.9910686e-12
   1.3303581e+03   1.9975623e-12
   1.3320682e+03   2.0041558e-12
   1.3337804e+03   2.0106921e-12
   1.3355155e+03   2.0172498e-12
   1.3372321e+03   2.0239083e-12
   1.3389510e+03   2.0305091e-12
   1.3406928e+03   2.0371314e-12
   1.3424161e+03   2.0505213e-12
   1.3441417e+03   2.0505213e-12
   1.3441417e+03   2.0505213e-12
   1.3476202e+03   2.0639993e-12
   1.3476202e+03   2.0707308e-12
   1.3493524e+03   2.0774843e-12
   1.3511078e+03   2.0843416e-12
   1.3528445e+03   2.0911395e-12
   1.3545834e+03   2.0979595e-12
   1.3563456e+03   2.1048844e-12
   1.3580890e+03   2.1117493e-12
   1.3598347e+03   2.1186366e-12
   1.3616037e+03   2.1256297e-12
   1.3633539e+03   2.1395174e-12
   1.3651063e+03   2.1395174e-12
   1.3651063e+03   2.1395174e-12
   1.3686391e+03   2.1535803e-12
   1.3686391e+03   2.1606040e-12
   1.3703984e+03   2.1677356e-12
   1.3721811e+03   2.1748055e-12
   1.3739449e+03   2.1818984e-12
   1.3757110e+03   2.1890145e-12
   1.3775006e+03   2.1962399e-12
   1.3792712e+03   2.2034027e-12
   1.3810441e+03   2.2105889e-12
   1.3828407e+03   2.2178855e-12
   1.3846182e+03   2.2251190e-12
   1.3882015e+03   2.2397445e-12
   1.3882015e+03   2.2470493e-12
   1.3899859e+03   2.2470493e-12
   1.3935615e+03   2.2618190e-12
   1.3935615e+03   2.2691957e-12
   1.3953744e+03   2.2765964e-12
   1.3971680e+03   2.2841110e-12
   1.3989639e+03   2.2915604e-12
   1.4007838e+03   2.2990341e-12
   1.4025843e+03   2.3066226e-12
   1.4043872e+03   2.3141455e-12
   1.4062142e+03   2.3293562e-12
   1.4080217e+03   2.3293562e-12
   1.4080217e+03   2.3293562e-12
   1.4116656e+03   2.3445749e-12
   1.4116656e+03   2.3523138e-12
   1.4134801e+03   2.3599857e-12
   1.4152970e+03   2.3676825e-12
   1.4171381e+03   2.3754977e-12
   1.4189597e+03   2.3832452e-12
   1.4226319e+03   2.3989101e-12
   1.4226319e+03   2.4067339e-12
   1.4244605e+03   2.4145832e-12
   1.4262915e+03   2.4225532e-12
   1.4281470e+03   2.4383808e-12
   1.4299827e+03   2.4383808e-12
   1.4299827e+03   2.4383808e-12
   1.4318208e+03   2.4464294e-12
   1.4355263e+03   2.4624130e-12
   1.4355263e+03   2.4705408e-12
   1.4373715e+03   2.4785983e-12
   1.4392413e+03   2.4866820e-12
   1.4410913e+03   2.4947921e-12
   1.4429437e+03   2.5030268e-12
   1.4466779e+03   2.5193802e-12
   1.4466779e+03   2.5276961e-12
   1.4485375e+03   2.5359399e-12
   1.4504219e+03   2.5442106e-12
   1.4522862e+03   2.5526085e-12
   1.4541530e+03   2.5692858e-12
   1.4560447e+03   2.5692858e-12
   1.4560447e+03   2.5692858e-12
   1.4579162e+03   2.5777664e-12
   1.4616893e+03   2.5946081e-12
   1.4616893e+03   2.6031723e-12
   1.4635681e+03   2.6116623e-12
   1.4654493e+03   2.6201800e-12
   1.4692419e+03   2.6374023e-12
   1.4692419e+03   2.6460039e-12
   1.4711304e+03   2.6547378e-12
   1.4730214e+03   2.6633959e-12
   1.4749376e+03   2.6720823e-12
   1.4768335e+03   2.6809023e-12
   1.4787318e+03   2.6896458e-12
   1.4806554e+03   2.6984178e-12
   1.4844643e+03   2.7161543e-12
   1.4844643e+03   2.7250128e-12
   1.4863954e+03   2.7340074e-12
   1.4883060e+03   2.7429241e-12
   1.4902191e+03   2.7518699e-12
   1.4921577e+03   2.7609532e-12
   1.4940757e+03   2.7789918e-12
   1.4959962e+03   2.7789918e-12
   1.4959962e+03   2.7789918e-12
   1.4979423e+03   2.7881645e-12
   1.5017957e+03   2.8063809e-12
   1.5017957e+03   2.8156441e-12
   1.5037493e+03   2.8248270e-12
   1.5056822e+03   2.8340399e-12
   1.5076176e+03   2.8432829e-12
   1.5095788e+03   2.8526679e-12
   1.5134621e+03   2.8713057e-12
   1.5134621e+03   2.8807832e-12
   1.5154310e+03   2.8901786e-12
   1.5173789e+03   2.8996046e-12
   1.5193293e+03   2.9091755e-12
   1.5213058e+03   2.9186635e-12
   1.5232613e+03   2.9281825e-12
   1.5272034e+03   2.9474292e-12
   1.5272034e+03   2.9570420e-12
   1.5291664e+03   2.9668025e-12
   1.5311320e+03   2.9764784e-12
   1.5331238e+03   2.9861860e-12
   1.5350945e+03   2.9960427e-12
   1.5370677e+03   3.0058140e-12
   1.5390672e+03   3.0156171e-12
   1.5430264e+03   3.0354386e-12
   1.5430264e+03   3.0453384e-12
   1.5450098e+03   3.0553903e-12
   1.5470197e+03   3.0653552e-12
   1.5490082e+03   3.0753526e-12
   1.5509993e+03   3.0855036e-12
   1.5530169e+03   3.0955667e-12
   1.5550132e+03   3.1056626e-12
   1.5590375e+03   3.1260759e-12
   1.5590375e+03   3.1362713e-12
   1.5610414e+03   3.1466234e-12
   1.5630480e+03   3.1568858e-12
   1.5650813e+03   3.1671817e-12
   1.5670931e+03   3.1776358e-12
   1.5691074e+03   3.1879994e-12
   1.5711486e+03   3.1983967e-12
   1.5731682e+03   3.2089539e-12
   1.5751903e+03   3.2194196e-12
   1.5772394e+03   3.2299194e-12
   1.5812968e+03   3.2511495e-12
   1.5812968e+03   3.2617528e-12
   1.5833539e+03   3.2723907e-12
   1.5853891e+03   3.2831921e-12
   1.5874269e+03   3.2938999e-12
   1.5894920e+03   3.3046427e-12
   1.5915351e+03   3.3155505e-12
   1.5935808e+03   3.3263639e-12
   1.5956539e+03   3.3372125e-12
   1.5977049e+03   3.3482278e-12
   1.5997586e+03   3.3591478e-12
   1.6018397e+03   3.3701033e-12
   1.6059603e+03   3.3922548e-12
   1.6059603e+03   3.4033183e-12
   1.6080495e+03   3.4145519e-12
   1.6101165e+03   3.4256881e-12
   1.6121861e+03   3.4368606e-12
   1.6142834e+03   3.4482049e-12
   1.6163584e+03   3.4594509e-12
   1.6184360e+03   3.4707336e-12
   1.6205414e+03   3.4821897e-12
   1.6226244e+03   3.4935465e-12
   1.6247101e+03   3.5049404e-12
   1.6268237e+03   3.5165094e-12
   1.6310086e+03   3.5394843e-12
   1.6310086e+03   3.5511673e-12
   1.6331051e+03   3.5627491e-12
   1.6352296e+03   3.5743687e-12
   1.6373315e+03   3.5861668e-12
   1.6394361e+03   3.5978628e-12
   1.6415688e+03   3.6095968e-12
   1.6416196e+03   3.6100217e-12
   1.6437297e+03   3.6217954e-12
   1.6458680e+03   3.6336076e-12
   1.6501019e+03   3.6574910e-12
   1.6501019e+03   3.6694196e-12
   1.6522485e+03   3.6815315e-12
   1.6543723e+03   3.6935385e-12
   1.6564988e+03   3.7055846e-12
   1.6586537e+03   3.7178159e-12
   1.6607857e+03   3.7299412e-12
   1.6629205e+03   3.7421060e-12
   1.6650838e+03   3.7544578e-12
   1.6672241e+03   3.7667026e-12
   1.6693671e+03   3.7789874e-12
   1.6715387e+03   3.7914609e-12
   1.6736873e+03   3.8038264e-12
   1.6758387e+03   3.8162322e-12
   1.6801756e+03   3.8413161e-12
   1.6801756e+03   3.8538442e-12
   1.6823353e+03   3.8665648e-12
   1.6845238e+03   3.8791753e-12
   1.6866891e+03   3.8918268e-12
   1.6888572e+03   3.9046728e-12
   1.6910280e+03   3.9174076e-12
   1.6932278e+03   3.9301838e-12
   1.6954043e+03   3.9430017e-12
   1.6975836e+03   3.9560167e-12
   1.6997919e+03   3.9689188e-12
   1.7019768e+03   3.9818631e-12
   1.7041645e+03   3.9950063e-12
   1.7063814e+03   4.0080356e-12
   1.7085748e+03   4.0211074e-12
   1.7107710e+03   4.0343802e-12
   1.7151984e+03   4.0607386e-12
   1.7151984e+03   4.0741421e-12
   1.7174031e+03   4.0741421e-12
   1.7196372e+03   4.0874296e-12
   1.7240609e+03   4.1142960e-12
   1.7240609e+03   4.1277144e-12
   1.7263037e+03   4.1411765e-12
   1.7285226e+03   4.1548456e-12
   1.7307445e+03   4.1683962e-12
   1.7329960e+03   4.1819910e-12
   1.7374540e+03   4.2094790e-12
   1.7374540e+03   4.2232078e-12
   1.7397142e+03   4.2371476e-12
   1.7419504e+03   4.2509667e-12
   1.7441895e+03   4.2648308e-12
   1.7464585e+03   4.2789080e-12
   1.7509511e+03   4.3068640e-12
   1.7509511e+03   4.3210800e-12
   1.7532289e+03   4.3351728e-12
   1.7554825e+03   4.3493115e-12
   1.7600256e+03   4.3778993e-12
   1.7600256e+03   4.3921774e-12
   1.7622879e+03   4.4066749e-12
   1.7645532e+03   4.4210469e-12
   1.7691197e+03   4.4501062e-12
   1.7691197e+03   4.4646198e-12
   1.7713937e+03   4.4791807e-12
   1.7736981e+03   4.4937891e-12
   1.7759780e+03   4.5086221e-12
   1.7782608e+03   4.5233265e-12
   1.7805466e+03   4.5380789e-12
   1.7851546e+03   4.5679074e-12
   1.7851546e+03   4.5828052e-12
   1.7874492e+03   4.5979320e-12
   1.7897744e+03   4.6129277e-12
   1.7943785e+03   4.6432482e-12
   1.7943785e+03   4.6583917e-12
   1.7967128e+03   4.6735846e-12
   1.7990223e+03   4.6890110e-12
   1.8013347e+03   4.7043038e-12
   1.8036780e+03   4.7196464e-12
   1.8083179e+03   4.7506683e-12
   1.8083179e+03   4.7661622e-12
   1.8106703e+03   4.7818942e-12
   1.8129977e+03   4.7974899e-12
   1.8153281e+03   4.8131364e-12
   1.8200261e+03   4.8447729e-12
   1.8200261e+03   4.8605736e-12
   1.8223655e+03   4.8766173e-12
   1.8247362e+03   4.8925219e-12
   1.8270817e+03   4.9084784e-12
   1.8294302e+03   4.9246801e-12
   1.8318101e+03   4.9407415e-12
   1.8341647e+03   4.9568553e-12
   1.8365223e+03   4.9732167e-12
   1.8412751e+03   5.0057089e-12
   1.8412751e+03   5.0222316e-12
   1.8436419e+03   5.0386111e-12
   1.8460403e+03   5.0550441e-12
   1.8484131e+03   5.0717296e-12
   1.8531967e+03   5.1048655e-12
   1.8531967e+03   5.1215145e-12
   1.8555788e+03   5.1384194e-12
   1.8579640e+03   5.1551779e-12
   1.8603810e+03   5.1719910e-12
   1.8627723e+03   5.1890626e-12
   1.8651667e+03   5.2059862e-12
   1.8675930e+03   5.2229650e-12
   1.8723973e+03   5.2572953e-12
   1.8723973e+03   5.2744414e-12
   1.8748040e+03   5.2918511e-12
   1.8772430e+03   5.3091100e-12
   1.8796559e+03   5.3264252e-12
   1.8820720e+03   5.3440064e-12
   1.8845204e+03   5.3614354e-12
   1.8893682e+03   5.3966758e-12
   1.8893682e+03   5.4142765e-12
   1.8918260e+03   5.4319347e-12
   1.8942578e+03   5.4498642e-12
   1.8966926e+03   5.4676384e-12
   1.8991600e+03   5.4854706e-12
   1.9016012e+03   5.5215263e-12
   1.9040455e+03   5.5215263e-12
   1.9040455e+03   5.5215263e-12
   1.9065224e+03   5.5395342e-12
   1.9114268e+03   5.5759452e-12
   1.9114268e+03   5.5941306e-12
   1.9139134e+03   5.6125955e-12
   1.9163735e+03   5.6309005e-12
   1.9188368e+03   5.6492651e-12
   1.9213330e+03   5.6679120e-12
   1.9238026e+03   5.6863974e-12
   1.9262755e+03   5.7049430e-12
   1.9312606e+03   5.7424413e-12
   1.9312606e+03   5.7611697e-12
   1.9337430e+03   5.7801860e-12
   1.9362586e+03   5.7990375e-12
   1.9387474e+03   5.8179505e-12
   1.9412395e+03   5.8371542e-12
   1.9437648e+03   5.8561915e-12
   1.9462633e+03   5.8752910e-12
   1.9487650e+03   5.8944527e-12
   1.9513001e+03   5.9139089e-12
   1.9538083e+03   5.9525471e-12
   1.9563197e+03   5.9525471e-12
   1.9563197e+03   5.9525471e-12
   1.9613825e+03   5.9916728e-12
   1.9613825e+03   6.0112141e-12
   1.9639037e+03   6.0310557e-12
   1.9664585e+03   6.0507254e-12
   1.9689862e+03   6.0704593e-12
   1.9715171e+03   6.0904964e-12
   1.9740818e+03   6.1103600e-12
   1.9766193e+03   6.1302884e-12
   1.9791600e+03   6.1505230e-12
   1.9817040e+03   6.1705824e-12
   1.9842820e+03   6.1907071e-12
   1.9868325e+03   6.2313982e-12
   1.9893864e+03   6.2313982e-12
   1.9893864e+03   6.2313982e-12
   1.9945348e+03   6.2723568e-12
   1.9945348e+03   6.2928135e-12
   1.9970986e+03   6.3133370e-12
   1.9996966e+03   6.3341758e-12
   2.0022670e+03   6.3548341e-12
   2.0048406e+03   6.3755598e-12
   2.0074487e+03   6.3966040e-12
   2.0100291e+03   6.4174659e-12
   2.0126127e+03   6.4383959e-12
   2.0152309e+03   6.4596475e-12
   2.0178213e+03   6.4807151e-12
   2.0204150e+03   6.5018513e-12
   2.0230433e+03   6.5233124e-12
   2.0256437e+03   6.5445876e-12
   2.0282474e+03   6.5659321e-12
   2.0308859e+03   6.5876047e-12
   2.0334964e+03   6.6306445e-12
   2.0361103e+03   6.6306445e-12
   2.0361103e+03   6.6306445e-12
   2.0387590e+03   6.6742273e-12
   2.0413796e+03   6.6742273e-12
   2.0413796e+03   6.6742273e-12
   2.0466626e+03   6.7178330e-12
   2.0466626e+03   6.7400070e-12
   2.0492934e+03   6.7619889e-12
   2.0519275e+03   6.7840425e-12
   2.0545968e+03   6.8064350e-12
   2.0572378e+03   6.8286336e-12
   2.0598821e+03   6.8509045e-12
   2.0625618e+03   6.8735177e-12
   2.0652130e+03   6.8959351e-12
   2.0678676e+03   6.9184255e-12
   2.0705577e+03   6.9412616e-12
   2.0732191e+03   6.9638999e-12
   2.0758840e+03   6.9866120e-12
   2.0785845e+03   7.0096731e-12
   2.0812563e+03   7.0325345e-12
   2.0839315e+03   7.0554705e-12
   2.0866102e+03   7.0787589e-12
   2.0893246e+03   7.1018456e-12
   2.0920102e+03   7.1250076e-12
   2.0946993e+03   7.1485256e-12
   2.0974242e+03   7.1718399e-12
   2.1001202e+03   7.1952301e-12
   2.1028197e+03   7.2189799e-12
   2.1055552e+03   7.2425239e-12
   2.1082617e+03   7.2661447e-12
   2.1109716e+03   7.2901286e-12
   2.1137178e+03   7.3139046e-12
   2.1164347e+03   7.3377582e-12
   2.1191552e+03   7.3619785e-12
   2.1219119e+03   7.3859889e-12
   2.1246394e+03   7.4100776e-12
   2.1273704e+03   7.4345365e-12
   2.1301379e+03   7.4587835e-12
   2.1328759e+03   7.4831097e-12
   2.1328759e+03   7.5078096e-12
   2.1356175e+03   7.5322956e-12
   2.1356175e+03   7.5568615e-12
   2.1383957e+03   7.5818049e-12
   2.1383957e+03   7.6065323e-12
   2.1411444e+03   7.6313403e-12
   2.1438966e+03   7.6562292e-12
   2.1438966e+03   7.6815006e-12
   2.1466856e+03   7.7065531e-12
   2.1466856e+03   7.7316873e-12
   2.1494449e+03   7.7572078e-12
   2.1494449e+03   7.7825072e-12
   2.1522078e+03   7.8078891e-12
   2.1550075e+03   7.8336611e-12
   2.1550075e+03   7.8592098e-12
   2.1605511e+03   7.9108679e-12
   2.1605511e+03   7.9625532e-12
   2.1633618e+03   7.9888357e-12
   2.1689269e+03   8.0410303e-12
   2.1689269e+03   8.0675719e-12
   2.1717484e+03   8.0938835e-12
   2.1717484e+03   8.1202809e-12
   2.1745399e+03   8.1470841e-12
   2.1745399e+03   8.1736550e-12
   2.1801675e+03   8.2273799e-12
   2.1801675e+03   8.2542128e-12
   2.1857759e+03   8.3084672e-12
   2.1857759e+03   8.3355644e-12
   2.1886193e+03   8.3627501e-12
   2.1886193e+03   8.3903536e-12
   2.1914325e+03   8.4177179e-12
   2.1914325e+03   8.4451715e-12
   2.1970698e+03   8.5006811e-12
   2.1970698e+03   8.5284053e-12
   2.2027558e+03   8.5844619e-12
   2.2027558e+03   8.6124593e-12
   2.2055871e+03   8.6408870e-12
   2.2055871e+03   8.6690685e-12
   2.2112951e+03   8.7260497e-12
   2.2112951e+03   8.7545089e-12
   2.2141375e+03   8.7830609e-12
   2.2170178e+03   8.8117060e-12
   2.2170178e+03   8.8407914e-12
   2.2227209e+03   8.8985523e-12
   2.2227209e+03   8.9279243e-12
   2.2256124e+03   8.9570419e-12
   2.2256124e+03   8.9862544e-12
   2.2313377e+03   9.0453205e-12
   2.2313377e+03   9.0748210e-12
   2.2342404e+03   9.1047748e-12
   2.2342404e+03   9.1344692e-12
   2.2371123e+03   9.1642604e-12
   2.2429018e+03   9.2244965e-12
   2.2429018e+03   9.2545813e-12
   2.2486715e+03   9.3154111e-12
   2.2486715e+03   9.3457924e-12
   2.2515968e+03   9.3766407e-12
   2.2515968e+03   9.4072217e-12
   2.2573888e+03   9.4690548e-12
   2.2573888e+03   9.4999372e-12
   2.2632308e+03   9.5623797e-12
   2.2632308e+03   9.5935665e-12
   2.2690880e+03   9.6566244e-12
   2.2690880e+03   9.6881185e-12
   2.2720046e+03   9.7197154e-12
   2.2749250e+03   9.7517979e-12
   2.2749250e+03   9.7836025e-12
   2.2808124e+03   9.8479095e-12
   2.2808124e+03   9.8800275e-12
   2.2867151e+03   9.9449683e-12
   2.2867151e+03   9.9774029e-12
   2.2925975e+03   1.0042590e-11
   2.2925975e+03   1.0075738e-11
   2.2985306e+03   1.0141567e-11
   2.2985306e+03   1.0175042e-11
   2.3044791e+03   1.0241520e-11
   2.3044791e+03   1.0275325e-11
   2.3074412e+03   1.0308837e-11
   2.3134128e+03   1.0376596e-11
   2.3134128e+03   1.0410439e-11
   2.3193639e+03   1.0478866e-11
   2.3193639e+03   1.0513042e-11
   2.3253662e+03   1.0582143e-11
   2.3253662e+03   1.0616656e-11
   2.3313481e+03   1.0686439e-11
   2.3313481e+03   1.0721291e-11
   2.3343809e+03   1.0756258e-11
   2.3403859e+03   1.0826958e-11
   2.3403859e+03   1.0862269e-11
   2.3464427e+03   1.0933666e-11
   2.3464427e+03   1.0969325e-11
   2.3465154e+03   1.0970616e-11
   2.3495679e+03   1.1006396e-11
   2.3556120e+03   1.1078740e-11
   2.3556120e+03   1.1114873e-11
   2.3586764e+03   1.1151560e-11
   2.3647439e+03   1.1224418e-11
   2.3647439e+03   1.1261467e-11
   2.3678202e+03   1.1298196e-11
   2.3739113e+03   1.1372458e-11
   2.3739113e+03   1.1409548e-11
   2.3769994e+03   1.1446759e-11
   2.3800548e+03   1.1484542e-11
   2.3800548e+03   1.1521998e-11
   2.3862143e+03   1.1597732e-11
   2.3862143e+03   1.1635556e-11
   2.3892815e+03   1.1673505e-11
   2.3923526e+03   1.1712036e-11
   2.3985439e+03   1.1788556e-11
   2.3985439e+03   1.1827467e-11
   2.4016270e+03   1.1866042e-11
   2.4078423e+03   1.1943568e-11
   2.4078423e+03   1.1982991e-11
   2.4109373e+03   1.2022072e-11
   2.4171767e+03   1.2101092e-11
   2.4171767e+03   1.2140559e-11
   2.4202837e+03   1.2180154e-11
   2.4265472e+03   1.2260214e-11
   2.4265472e+03   1.2300199e-11
   2.4296663e+03   1.2340799e-11
   2.4327894e+03   1.2381048e-11
   2.4390853e+03   1.2462427e-11
   2.4390853e+03   1.2503072e-11
   2.4422205e+03   1.2543850e-11
   2.4485408e+03   1.2626300e-11
   2.4485408e+03   1.2667479e-11
   2.4516881e+03   1.2709292e-11
   2.4548775e+03   1.2750742e-11
   2.4611925e+03   1.2834552e-11
   2.4611925e+03   1.2876410e-11
   2.4643942e+03   1.2918406e-11
   2.4675620e+03   1.2961046e-11
   2.4739479e+03   1.3045727e-11
   2.4739479e+03   1.3088787e-11
   2.4771279e+03   1.3131475e-11
   2.4803119e+03   1.3174302e-11
   2.4867309e+03   1.3260896e-11
   2.4867309e+03   1.3304145e-11
   2.4899273e+03   1.3348059e-11
   2.4931664e+03   1.3391593e-11
   2.4995799e+03   1.3479615e-11
   2.4995799e+03   1.3523577e-11
   2.5028315e+03   1.3567683e-11
   2.5060487e+03   1.3611933e-11
   2.5092699e+03   1.3656863e-11
   2.5125342e+03   1.3701403e-11
   2.5189975e+03   1.3791462e-11
   2.5189975e+03   1.3836441e-11
   2.5222744e+03   1.3881567e-11
   2.5255165e+03   1.3927387e-11
   2.5287628e+03   1.3972810e-11
   2.5353071e+03   1.4064653e-11
   2.5353071e+03   1.4110523e-11
   2.5385660e+03   1.4156543e-11
   2.5418684e+03   1.4203271e-11
   2.5451356e+03   1.4249593e-11
   2.5484071e+03   1.4296067e-11
   2.5550023e+03   1.4390034e-11
   2.5550023e+03   1.4436966e-11
   2.5582865e+03   1.4484619e-11
   2.5615749e+03   1.4531859e-11
   2.5649072e+03   1.4579253e-11
   2.5682041e+03   1.4627376e-11
   2.5715052e+03   1.4675082e-11
   2.5781601e+03   1.4771540e-11
   2.5781601e+03   1.4819716e-11
   2.5814741e+03   1.4868049e-11
   2.5848323e+03   1.4917125e-11
   2.5881548e+03   1.4965776e-11
   2.5914816e+03   1.5014586e-11
   2.5981882e+03   1.5113275e-11
   2.5981882e+03   1.5162566e-11
   2.6015279e+03   1.5212614e-11
   2.6049122e+03   1.5262229e-11
   2.6082605e+03   1.5312005e-11
   2.6116131e+03   1.5362546e-11
   2.6150105e+03   1.5412650e-11
   2.6183718e+03   1.5462917e-11
   2.6217375e+03   1.5513347e-11
   2.6353249e+03   1.5513347e-11
   2.6387123e+03   1.5564553e-11
   2.6764282e+03   1.5564553e-11
   2.6798684e+03   1.5615316e-11
   2.7251649e+03   1.5615316e-11
   2.7286678e+03   1.5666244e-11
   2.7927549e+03   1.5666244e-11
   2.7963879e+03   1.5717954e-11
   2.8917187e+03   1.5717954e-11
   2.8954357e+03   1.5769217e-11
   2.9864606e+03   1.5769217e-11
   2.9902994e+03   1.5820647e-11
   3.0487125e+03   1.5820647e-11
   3.0526785e+03   1.5872867e-11
   3.0962634e+03   1.5872867e-11
   3.1002913e+03   1.5924635e-11
   3.1283915e+03   1.5924635e-11
   3.1324127e+03   1.5976571e-11
   3.1608040e+03   1.5976571e-11
   3.1649159e+03   1.6029306e-11
   3.1853583e+03   1.6029306e-11
   3.1895021e+03   1.6081584e-11
   3.2059824e+03   1.6081584e-11
   3.2101033e+03   1.6134033e-11
   3.2267400e+03   1.6134033e-11
   3.2308876e+03   1.6187288e-11
   3.2350405e+03   1.6240081e-11
   3.2392489e+03   1.6240081e-11
   3.2434126e+03   1.6293046e-11
   3.2475817e+03   1.6293046e-11
   3.2518064e+03   1.6346826e-11
   3.2559863e+03   1.6400140e-11
   3.2601715e+03   1.6453627e-11
   3.2644126e+03   1.6453627e-11
   3.2686086e+03   1.6507937e-11
   3.2728101e+03   1.6561776e-11
   3.2770676e+03   1.6561776e-11
   3.2812799e+03   1.6615790e-11
   3.2854976e+03   1.6670635e-11
   3.2897717e+03   1.6670635e-11
   3.2940003e+03   1.6725005e-11
   3.2982344e+03   1.6779552e-11
   3.3025250e+03   1.6834937e-11
   3.3067701e+03   1.6834937e-11
   3.3110205e+03   1.6889843e-11
   3.3153278e+03   1.6944927e-11
   3.3195893e+03   1.6944927e-11
   3.3238563e+03   1.7000859e-11
   3.3281287e+03   1.7056305e-11
   3.3324582e+03   1.7111933e-11
   3.3367417e+03   1.7111933e-11
   3.3410307e+03   1.7168415e-11
   3.3453770e+03   1.7224409e-11
   3.3496772e+03   1.7280584e-11
   3.3539828e+03   1.7337623e-11
   3.3583459e+03   1.7337623e-11
   3.3626627e+03   1.7394169e-11
   3.3669851e+03   1.7450898e-11
   3.3713651e+03   1.7508499e-11
   3.3756986e+03   1.7565602e-11
   3.3800377e+03   1.7622890e-11
   3.3844348e+03   1.7622890e-11
   3.3887851e+03   1.7681059e-11
   3.3931410e+03   1.7738724e-11
   3.3975551e+03   1.7796577e-11
   3.4019223e+03   1.7854619e-11
   3.4062951e+03   1.7913553e-11
   3.4107263e+03   1.7913553e-11
   3.4151104e+03   1.7971977e-11
   3.4195001e+03   1.8030590e-11
   3.4239485e+03   1.8090105e-11
   3.4283496e+03   1.8149104e-11
   3.4327564e+03   1.8208296e-11
   3.4372220e+03   1.8268397e-11
   3.4416402e+03   1.8327978e-11
   3.4460640e+03   1.8387753e-11
   3.4462240e+03   1.8389196e-11
   3.4506538e+03   1.8389196e-11
   3.4550892e+03   1.8449170e-11
   3.4595839e+03   1.8509341e-11
   3.4640308e+03   1.8570436e-11
   3.4684834e+03   1.8631001e-11
   3.4729955e+03   1.8691765e-11
   3.4774597e+03   1.8753462e-11
   3.4819296e+03   1.8814624e-11
   3.4864592e+03   1.8875986e-11
   3.4909406e+03   1.8938292e-11
   3.4954278e+03   1.9000057e-11
   3.4999750e+03   1.9062024e-11
   3.5044738e+03   1.9124943e-11
   3.5089784e+03   1.9187317e-11
   3.5135432e+03   1.9249895e-11
   3.5180595e+03   1.9313434e-11
   3.5225816e+03   1.9376423e-11
   3.5271640e+03   1.9439618e-11
   3.5316978e+03   1.9503783e-11
   3.5362374e+03   1.9567393e-11
   3.5408377e+03   1.9631210e-11
   3.5453890e+03   1.9696008e-11
   3.5499462e+03   1.9760245e-11
   3.5545093e+03   1.9824691e-11
   3.5591333e+03   1.9890128e-11
   3.5637082e+03   1.9954998e-11
   3.5682889e+03   2.0020079e-11
   3.5729309e+03   2.0085373e-11
   3.5775235e+03   2.0151670e-11
   3.5821220e+03   2.0217392e-11
   3.5867819e+03   2.0283330e-11
   3.5913923e+03   2.0350280e-11
   3.5960087e+03   2.0416651e-11
   3.6006867e+03   2.0483238e-11
   3.6053149e+03   2.0550848e-11
   3.6099492e+03   2.0617873e-11
   3.6146453e+03   2.0753393e-11
   3.6192915e+03   2.0753393e-11
   3.6192915e+03   2.0753393e-11
   3.6286581e+03   2.0888984e-11
   3.6286581e+03   2.0957933e-11
   3.6333223e+03   2.1026286e-11
   3.6379925e+03   2.1094861e-11
   3.6427252e+03   2.1164490e-11
   3.6474075e+03   2.1233516e-11
   3.6520958e+03   2.1302767e-11
   3.6568468e+03   2.1373083e-11
   3.6615472e+03   2.1442789e-11
   3.6662538e+03   2.1512723e-11
   3.6757418e+03   2.1654124e-11
   3.6757418e+03   2.1724747e-11
   3.6804666e+03   2.1796455e-11
   3.6852545e+03   2.1867543e-11
   3.6899914e+03   2.1938862e-11
   3.6947345e+03   2.2011277e-11
   3.6995410e+03   2.2083064e-11
   3.7042963e+03   2.2155086e-11
   3.7090578e+03   2.2228215e-11
   3.7186566e+03   2.2373442e-11
   3.7186566e+03   2.2447291e-11
   3.7234365e+03   2.2520501e-11
   3.7282803e+03   2.2593949e-11
   3.7330726e+03   2.2668527e-11
   3.7378710e+03   2.2742458e-11
   3.7426757e+03   2.2816630e-11
   3.7475445e+03   2.2891045e-11
   3.7523615e+03   2.2966603e-11
   3.7620724e+03   2.3116654e-11
   3.7620724e+03   2.3192956e-11
   3.7669082e+03   2.3268598e-11
   3.7717501e+03   2.3344486e-11
   3.7766567e+03   2.3421541e-11
   3.7815112e+03   2.3497928e-11
   3.7863719e+03   2.3574564e-11
   3.7912975e+03   2.3652379e-11
   3.7961708e+03   2.3729519e-11
   3.8059951e+03   2.3885491e-11
   3.8059951e+03   2.3963391e-11
   3.8108873e+03   2.4041546e-11
   3.8157858e+03   2.4120901e-11
   3.8207497e+03   2.4199569e-11
   3.8256608e+03   2.4278494e-11
   3.8305783e+03   2.4358631e-11
   3.8404916e+03   2.4517777e-11
   3.8404916e+03   2.4598705e-11
   3.8454282e+03   2.4678931e-11
   3.8504306e+03   2.4759419e-11
   3.8553799e+03   2.4841144e-11
   3.8603356e+03   2.4922161e-11
   3.8653575e+03   2.5003443e-11
   3.8703260e+03   2.5085973e-11
   3.8753008e+03   2.5167789e-11
   3.8853299e+03   2.5333215e-11
   3.8853299e+03   2.5415837e-11
   3.8903241e+03   2.5498728e-11
   3.8953849e+03   2.5582893e-11
   3.9003920e+03   2.5666330e-11
   3.9054055e+03   2.5750038e-11
   3.9104860e+03   2.5835033e-11
   3.9155125e+03   2.5919291e-11
   3.9205455e+03   2.6003825e-11
   3.9256457e+03   2.6088634e-11
   3.9306917e+03   2.6174746e-11
   3.9357441e+03   2.6260112e-11
   3.9408031e+03   2.6345757e-11
   3.9459296e+03   2.6432718e-11
   3.9560803e+03   2.6605415e-11
   3.9560803e+03   2.6693234e-11
   3.9612267e+03   2.6780291e-11
   3.9663184e+03   2.6867632e-11
   3.9714166e+03   2.6956316e-11
   3.9765830e+03   2.7044232e-11
   3.9816945e+03   2.7132434e-11
   3.9868125e+03   2.7132434e-11
   3.9919989e+03   2.7221992e-11
   3.9971302e+03   2.7310774e-11
   4.0022680e+03   2.7399845e-11
   4.0074745e+03   2.7490286e-11
   4.0126257e+03   2.7490286e-11
   4.0177835e+03   2.7579943e-11
   4.0230101e+03   2.7669892e-11
   4.0281813e+03   2.7761224e-11
   4.0333591e+03   2.7761224e-11
   4.0386060e+03   2.7851764e-11
   4.0437972e+03   2.7942600e-11
   4.0489950e+03   2.8034832e-11
   4.0542623e+03   2.8034832e-11
   4.0594736e+03   2.8126265e-11
   4.0646916e+03   2.8217996e-11
   4.0699793e+03   2.8217996e-11
   4.0752108e+03   2.8311137e-11
   4.0804491e+03   2.8403471e-11
   4.0857573e+03   2.8496107e-11
   4.0910091e+03   2.8496107e-11
   4.0962676e+03   2.8590166e-11
   4.1015964e+03   2.8683410e-11
   4.1068685e+03   2.8683410e-11
   4.1121475e+03   2.8776958e-11
   4.1174969e+03   2.8871944e-11
   4.1227895e+03   2.8871944e-11
   4.1280889e+03   2.8966107e-11
   4.1334590e+03   2.9060577e-11
   4.1387721e+03   2.9060577e-11
   4.1440921e+03   2.9156499e-11
   4.1494831e+03   2.9251591e-11
   4.1548168e+03   2.9251591e-11
   4.1601573e+03   2.9346992e-11
   4.1655047e+03   2.9443859e-11
   4.1709236e+03   2.9443859e-11
   4.1762849e+03   2.9539888e-11
   4.1816530e+03   2.9636229e-11
   4.1870929e+03   2.9636229e-11
   4.1924749e+03   2.9734052e-11
   4.1978639e+03   2.9734052e-11
   4.2033248e+03   2.9831026e-11
   4.2087277e+03   2.9928317e-11
   4.2141376e+03   2.9928317e-11
   4.2196197e+03   3.0025926e-11
   4.2250435e+03   3.0125034e-11
   4.2304744e+03   3.0125034e-11
   4.2359777e+03   3.0223284e-11
   4.2414226e+03   3.0223284e-11
   4.2468745e+03   3.0321855e-11
   4.2523992e+03   3.0321855e-11
   4.2578652e+03   3.0421940e-11
   4.2633382e+03   3.0521158e-11
   4.2688843e+03   3.0521158e-11
   4.2743715e+03   3.0620700e-11
   4.2798657e+03   3.0620700e-11
   4.2854333e+03   3.0721772e-11
   4.2909418e+03   3.0721772e-11
   4.2964573e+03   3.0821968e-11
   4.3020465e+03   3.0821968e-11
   4.3075763e+03   3.0922491e-11
   4.3131132e+03   3.0922491e-11
   4.3187241e+03   3.1024559e-11
   4.3242754e+03   3.1024559e-11
   4.3298337e+03   3.1125743e-11
   4.3354664e+03   3.1125743e-11
   4.3410391e+03   3.1227256e-11
   4.3466190e+03   3.1227256e-11
   4.3522735e+03   3.1330330e-11
   4.3578679e+03   3.1330330e-11
   4.3634694e+03   3.1432511e-11
   4.3691458e+03   3.1432511e-11
   4.3747619e+03   3.1535025e-11
   4.3803851e+03   3.1535025e-11
   4.3860156e+03   3.1639115e-11
   4.3917213e+03   3.1639115e-11
   4.3973664e+03   3.1742303e-11
   4.4030187e+03   3.1742303e-11
   4.4087466e+03   3.1845827e-11
   4.4144135e+03   3.1845827e-11
   4.4200878e+03   3.1950943e-11
   4.4258378e+03   3.1950943e-11
   4.4315267e+03   3.2055148e-11
   4.4429953e+03   3.2055148e-11
   4.4487063e+03   3.2159693e-11
   4.4544246e+03   3.2159693e-11
   4.4602193e+03   3.2265844e-11
   4.4659524e+03   3.2265844e-11
   4.4716929e+03   3.2371076e-11
   4.4832654e+03   3.2371076e-11
   4.4890281e+03   3.2476652e-11
   4.4948678e+03   3.2476652e-11
   4.5006455e+03   3.2583849e-11
   4.5064306e+03   3.2583849e-11
   4.5122929e+03   3.2690119e-11
   4.5239005e+03   3.2690119e-11
   4.5297856e+03   3.2796734e-11
   4.5356081e+03   3.2796734e-11
   4.5414381e+03   3.2904989e-11
   4.5531911e+03   3.2904989e-11
   4.5590438e+03   3.3012305e-11
   4.5649746e+03   3.3012305e-11
   4.5708423e+03   3.3119972e-11
   4.5826714e+03   3.3119972e-11
   4.5885619e+03   3.3229293e-11
   4.5944600e+03   3.3229293e-11
   4.6004369e+03   3.3337667e-11
   4.6122712e+03   3.3337667e-11
   4.6181998e+03   3.3446395e-11
   4.6242075e+03   3.3446395e-11
   4.6301514e+03   3.3556794e-11
   4.6421340e+03   3.3556794e-11
   4.6481010e+03   3.3666236e-11
   4.6540756e+03   3.3666236e-11
   4.6601300e+03   3.3776035e-11
   4.6721179e+03   3.3776035e-11
   4.6781958e+03   3.3887522e-11
   4.6842091e+03   3.3887522e-11
   4.6902301e+03   3.3998043e-11
   4.7023682e+03   3.3998043e-11
   4.7084126e+03   3.4108924e-11
   4.7145377e+03   3.4108924e-11
   4.7205977e+03   3.4220167e-11
   4.7328143e+03   3.4220167e-11
   4.7388978e+03   3.4333120e-11
   4.7511619e+03   3.4333120e-11
   4.7572690e+03   3.4445094e-11
   4.7633839e+03   3.4445094e-11
   4.7695805e+03   3.4557434e-11
   4.7757113e+03   3.4557434e-11
   4.7818499e+03   3.4671500e-11
   4.7942251e+03   3.4671500e-11
   4.8003876e+03   3.4784577e-11
   4.8066323e+03   3.4784577e-11
   4.8128107e+03   3.4898024e-11
   4.8252660e+03   3.4898024e-11
   4.8314684e+03   3.5013214e-11
   4.8376787e+03   3.5013214e-11
   4.8439719e+03   3.5127407e-11
   4.8564327e+03   3.5127407e-11
   4.8627504e+03   3.5241971e-11
   4.8690009e+03   3.5241971e-11
   4.8752595e+03   3.5358297e-11
   4.8815261e+03   3.5358297e-11
   4.8878764e+03   3.5473615e-11
   4.9068251e+03   3.5473615e-11
   4.9131322e+03   3.5358297e-11
   4.9194475e+03   3.5241971e-11
   4.9258472e+03   3.5241971e-11
   4.9321788e+03   3.5127407e-11
   4.9385186e+03   3.5127407e-11
   4.9449430e+03   3.5013214e-11
   4.9512992e+03   3.5013214e-11
   4.9576635e+03   3.4898024e-11
   4.9641129e+03   3.4898024e-11
   4.9704937e+03   3.4784577e-11
   4.9768827e+03   3.4784577e-11
   4.9833571e+03   3.4671500e-11
   4.9897626e+03   3.4671500e-11
   4.9961764e+03   3.4557434e-11
   5.0026759e+03   3.4557434e-11
   5.0091063e+03   3.4445094e-11
   5.0155449e+03   3.4333120e-11
   5.0220696e+03   3.4333120e-11
   5.0285249e+03   3.4220167e-11
   5.0349885e+03   3.4220167e-11
   5.0415385e+03   3.4108924e-11
   5.0480188e+03   3.4108924e-11
   5.0545075e+03   3.3998043e-11
   5.0610828e+03   3.3998043e-11
   5.0612395e+03   3.3999377e-11
   5.0677451e+03   3.3888851e-11
   5.0743377e+03   3.3778685e-11
   5.0808602e+03   3.3778685e-11
   5.0873911e+03   3.3667557e-11
   5.0940092e+03   3.3667557e-11
   5.1005570e+03   3.3558110e-11
   5.1071132e+03   3.3558110e-11
   5.1137570e+03   3.3449019e-11
   5.1203301e+03   3.3338975e-11
   5.1269117e+03   3.3338975e-11
   5.1335813e+03   3.3230597e-11
   5.1401799e+03   3.3230597e-11
   5.1467870e+03   3.3122570e-11
   5.1534824e+03   3.3122570e-11
   5.1601067e+03   3.3013600e-11
   5.1667394e+03   3.2906280e-11
   5.1734608e+03   3.2906280e-11
   5.1801107e+03   3.2799308e-11
   5.1867691e+03   3.2799308e-11
   5.1935165e+03   3.2691401e-11
   5.2001922e+03   3.2585128e-11
   5.2068765e+03   3.2585128e-11
   5.2135693e+03   3.2479200e-11
   5.2203516e+03   3.2479200e-11
   5.2270618e+03   3.2372346e-11
   5.2337806e+03   3.2267110e-11
   5.2405892e+03   3.2267110e-11
   5.2473253e+03   3.2162216e-11
   5.2540702e+03   3.2057663e-11
   5.2609052e+03   3.2057663e-11
   5.2676675e+03   3.1952197e-11
   5.2744385e+03   3.1952197e-11
   5.2812999e+03   3.1848326e-11
   5.2880884e+03   3.1744794e-11
   5.2948857e+03   3.1744794e-11
   5.3017737e+03   3.1640356e-11
   5.3085886e+03   3.1537500e-11
   5.3154122e+03   3.1537500e-11
   5.3223269e+03   3.1434977e-11
   5.3291682e+03   3.1331559e-11
   5.3360182e+03   3.1331559e-11
   5.3429598e+03   3.1229706e-11
   5.3498276e+03   3.1128185e-11
   5.3567042e+03   3.1128185e-11
   5.3636727e+03   3.1025776e-11
   5.3705671e+03   3.0924917e-11
   5.3774703e+03   3.0924917e-11
   5.3844658e+03   3.0824387e-11
   5.3913869e+03   3.0722977e-11
   5.3983170e+03   3.0722977e-11
   5.4053396e+03   3.0623103e-11
   5.4122875e+03   3.0523553e-11
   5.4192444e+03   3.0423134e-11
   5.4262943e+03   3.0423134e-11
   5.4332692e+03   3.0324234e-11
   5.4402530e+03   3.0225656e-11
   5.4473302e+03   3.0225656e-11
   5.4543321e+03   3.0126216e-11
   5.4613431e+03   3.0028282e-11
   5.4684476e+03   2.9930666e-11
   5.4754767e+03   2.9930666e-11
   5.4825148e+03   2.9832197e-11
   5.4895620e+03   2.9735218e-11
   5.4967033e+03   2.9638555e-11
   5.5037687e+03   2.9541047e-11
   5.5108432e+03   2.9541047e-11
   5.5180122e+03   2.9445015e-11
   5.5251050e+03   2.9349295e-11
   5.5322069e+03   2.9252738e-11
   5.5394037e+03   2.9157643e-11
   5.5465239e+03   2.9157643e-11
   5.5536534e+03   2.9062857e-11
   5.5608781e+03   2.8967243e-11
   5.5680259e+03   2.8873077e-11
   5.5751830e+03   2.8779216e-11
   5.5824357e+03   2.8684535e-11
   5.5896113e+03   2.8591287e-11
   5.5967961e+03   2.8591287e-11
   5.6040769e+03   2.8498343e-11
   5.6112804e+03   2.8404586e-11
   5.6184930e+03   2.8312248e-11
   5.6258021e+03   2.8220210e-11
   5.6330334e+03   2.8128472e-11
   5.6402740e+03   2.8035932e-11
   5.6476114e+03   2.7944793e-11
   5.6548708e+03   2.7853950e-11
   5.6621395e+03   2.7853950e-11
   5.6695053e+03   2.7762313e-11
   5.6767928e+03   2.7672063e-11
   5.6840897e+03   2.7582107e-11
   5.6914841e+03   2.7491364e-11
   5.6987998e+03   2.7401995e-11
   5.7061250e+03   2.7312916e-11
   5.7135480e+03   2.7223060e-11
   5.7208922e+03   2.7134563e-11
   5.7282457e+03   2.7046354e-11
   5.7356975e+03   2.6957374e-11
   5.7430701e+03   2.6869741e-11
   5.7504522e+03   2.6782392e-11
   5.7579329e+03   2.6694281e-11
   5.7727448e+03   2.6521007e-11
   5.7727448e+03   2.6433755e-11
   5.7801650e+03   2.6347825e-11
   5.7876843e+03   2.6262173e-11
   5.7951238e+03   2.6175773e-11
   5.8025728e+03   2.6090681e-11
   5.8101212e+03   2.6005865e-11
   5.8175895e+03   2.5920308e-11
   5.8326451e+03   2.5752058e-11
   5.8326451e+03   2.5667336e-11
   5.8401423e+03   2.5583897e-11
   5.8476492e+03   2.5500729e-11
   5.8552563e+03   2.5416834e-11
   5.8627826e+03   2.5334209e-11
   5.8779552e+03   2.5168776e-11
   5.8779552e+03   2.5086957e-11
   5.8855107e+03   2.5005404e-11
   5.8930758e+03   2.4923139e-11
   5.9083268e+03   2.4761362e-11
   5.9083268e+03   2.4680868e-11
   5.9159213e+03   2.4599670e-11
   5.9236172e+03   2.4519701e-11
   5.9388553e+03   2.4359587e-11
   5.9388553e+03   2.4280399e-11
   5.9465811e+03   2.4201468e-11
   5.9618783e+03   2.4043432e-11
   5.9618783e+03   2.3965272e-11
   5.9773073e+03   2.3808778e-11
   5.9773073e+03   2.3731380e-11
   5.9849905e+03   2.3653306e-11
   6.0004793e+03   2.3499772e-11
   6.0004793e+03   2.3422460e-11
   6.0160082e+03   2.3270424e-11
   6.0160082e+03   2.3193866e-11
   6.0314840e+03   2.3043314e-11
   6.0314840e+03   2.2967504e-11
   6.0393303e+03   2.2967504e-11
   6.0470932e+03   2.2967504e-11
   6.1652182e+03   2.2967504e-11
   6.1731429e+03   2.3043314e-11
   6.5673789e+03   2.3043314e-11
   6.5758205e+03   2.2967504e-11
   6.7650395e+03   2.2967504e-11
   6.7737352e+03   2.2892841e-11
   6.8883349e+03   2.2892841e-11
   6.8971891e+03   2.2818421e-11
   6.9777147e+03   2.2818421e-11
   6.9866838e+03   2.2743350e-11
   7.0591804e+03   2.2743350e-11
   7.0682542e+03   2.2669416e-11
   7.1324294e+03   2.2669416e-11
   7.1415973e+03   2.2595722e-11
   7.2063268e+03   2.2595722e-11
   7.2155898e+03   2.2521384e-11
   7.2623081e+03   2.2521384e-11
   7.2716430e+03   2.2448172e-11
   7.3187243e+03   2.2448172e-11
   7.3281317e+03   2.2375197e-11
   7.3755788e+03   2.2375197e-11
   7.3850593e+03   2.2301585e-11
   7.4328749e+03   2.2301585e-11
