   22.024586 6.1088064e-14    56.731964
   24.631502 1.3027199e-14    112.11365
   27.546984 3.7924337e-15    189.25304
   30.807552 1.0621269e-15    235.30807
   34.454056 5.8754635e-15     175.3978
   38.532173 1.049174e-14    141.02724
   43.092995 1.1452525e-14     134.5032
   48.193649 1.2726517e-14    124.35622
   53.898041 1.2953498e-14    117.43101
   60.277622 1.0366687e-14    113.01405
   67.412323 1.2004027e-14    109.16881
    75.39151 1.1402569e-14    117.95261
    84.31514 1.0352489e-14     130.8075
   94.295013 1.4513024e-14    134.19791
   105.45615 1.6323392e-14    137.68463
   117.93835 2.0379869e-14    142.34503
   131.89799 2.0965546e-14    144.57256
   147.50996 3.0052492e-14    145.82649
   164.96982 3.2981786e-14    145.42719
   184.49629 4.1799467e-14    146.14169
     206.334 4.9882489e-14    145.34946
   230.75652 5.4740531e-14    149.05124
   258.06976 6.5536078e-14    150.65443
   288.61591 8.1437807e-14    153.95514
   322.77762 9.6851556e-14    157.83241
   360.98285 1.1103099e-13    164.61621
   403.71021 1.2541727e-13    168.29695
   451.49493 1.522008e-13    173.00752
   504.93564 1.7214238e-13    180.02345
   564.70184 2.4372274e-13    184.72131
   631.54218 2.6503054e-13    189.52661
   706.29395 3.6263348e-13    194.79143
   789.89368 4.3495001e-13    200.94746
   883.38861 4.8814322e-13    207.51305
   987.94995 5.0671435e-13    221.50983
   1104.8876 9.1041714e-13    220.86514
   1235.6665 1.0631012e-12    228.40289
   1381.9248 1.3884584e-12    237.14365
   1545.4949 1.5529495e-12    246.01106
   1728.4258 1.9737129e-12    254.66849
    1933.009 2.6622988e-12    264.55518
   2161.8076 3.1770923e-12    275.36777
   2417.6875 3.7442471e-12    287.75659
   2703.8547 4.5080059e-12    303.61426
   3023.8936 5.1316915e-12     320.1326
   3381.8135 6.2451854e-12     338.7406
   3782.0981 7.5474592e-12    361.83926
   4229.7622 9.6839958e-12    384.14084
   4730.4136 1.2955694e-11    409.02249
   5290.3237 1.2806965e-11    438.55701
   5916.5073 1.6367617e-11    487.19208
   6616.8086 2.7098868e-11    491.65305
        7400 1.7405445e-10    518.46863