 1599
   1.000000E+00   3.673527E-04
   2.000000E+00   2.182145E-03
   3.000000E+00   7.803777E-04
   4.000000E+00   2.033934E-04
   5.000000E+00   1.038874E-04
   6.000000E+00   8.508539E-05
   7.000000E+00   4.322371E-05
   8.000000E+00   2.578599E-05
   9.000000E+00   1.825733E-05
   1.000000E+01   1.419976E-05
   1.100000E+01   9.091399E-06
   1.200000E+01   8.965303E-06
   1.300000E+01   7.661468E-06
   1.400000E+01   6.051792E-06
   1.500000E+01   4.881215E-06
   1.600000E+01   5.302265E-06
   1.700000E+01   5.388550E-06
   1.800000E+01   4.238576E-06
   1.900000E+01   3.394077E-06
   2.000000E+01   2.735738E-06
   2.100000E+01   2.446957E-06
   2.200000E+01   2.636506E-06
   2.300000E+01   2.509044E-06
   2.400000E+01   2.321311E-06
   2.500000E+01   1.933239E-06
   2.600000E+01   1.807829E-06
   2.700000E+01   1.652344E-06
   2.800000E+01   1.401981E-06
   2.900000E+01   1.431318E-06
   3.000000E+01   1.389682E-06
   3.100000E+01   1.424825E-06
   3.200000E+01   1.269324E-06
   3.300000E+01   1.237178E-06
   3.400000E+01   1.207802E-06
   3.500000E+01   1.254958E-06
   3.600000E+01   1.244286E-06
   3.700000E+01   1.159596E-06
   3.800000E+01   1.065492E-06
   3.900000E+01   1.037682E-06
   4.000000E+01   1.028359E-06
   4.100000E+01   9.192757E-07
   4.200000E+01   9.246087E-07
   4.300000E+01   9.916173E-07
   4.400000E+01   8.922917E-07
   4.500000E+01   7.806831E-07
   4.600000E+01   8.085141E-07
   4.700000E+01   8.471706E-07
   4.800000E+01   8.505046E-07
   4.900000E+01   8.728874E-07
   5.000000E+01   8.019640E-07
   5.100000E+01   7.095117E-07
   5.200000E+01   6.601265E-07
   5.300000E+01   6.648834E-07
   5.400000E+01   6.906337E-07
   5.500000E+01   6.755490E-07
   5.600000E+01   6.667268E-07
   5.700000E+01   6.627315E-07
   5.800000E+01   6.378928E-07
   5.900000E+01   1.107228E-06
   6.000000E+01   1.617509E-06
   6.100000E+01   1.013038E-06
   6.200000E+01   6.172583E-07
   6.300000E+01   6.044831E-07
   6.400000E+01   6.286904E-07
   6.500000E+01   5.927562E-07
   6.600000E+01   5.485829E-07
   6.700000E+01   5.830938E-07
   6.800000E+01   5.499306E-07
   6.900000E+01   5.025665E-07
   7.000000E+01   5.107929E-07
   7.100000E+01   4.983414E-07
   7.200000E+01   4.726640E-07
   7.300000E+01   4.686462E-07
   7.400000E+01   4.409535E-07
   7.500000E+01   4.456966E-07
   7.600000E+01   4.640901E-07
   7.700000E+01   5.123677E-07
   7.800000E+01   4.673080E-07
   7.900000E+01   4.714367E-07
   8.000000E+01   4.799516E-07
   8.100000E+01   4.333993E-07
   8.200000E+01   4.100838E-07
   8.300000E+01   3.961034E-07
   8.400000E+01   4.296108E-07
   8.500000E+01   4.285177E-07
   8.600000E+01   4.139362E-07
   8.700000E+01   3.929423E-07
   8.800000E+01   4.067720E-07
   8.900000E+01   4.051560E-07
   9.000000E+01   3.914344E-07
   9.100000E+01   3.997334E-07
   9.200000E+01   4.155154E-07
   9.300000E+01   3.529621E-07
   9.400000E+01   3.449855E-07
   9.500000E+01   3.608938E-07
   9.600000E+01   3.328491E-07
   9.700000E+01   3.373137E-07
   9.800000E+01   3.478773E-07
   9.900000E+01   3.534346E-07
   1.000000E+02   3.543034E-07
   1.010000E+02   3.471733E-07
   1.020000E+02   3.560818E-07
   1.030000E+02   3.485813E-07
   1.040000E+02   3.305118E-07
   1.050000E+02   3.042346E-07
   1.060000E+02   2.824632E-07
   1.070000E+02   2.923726E-07
   1.080000E+02   3.196086E-07
   1.090000E+02   3.001623E-07
   1.100000E+02   2.946869E-07
   1.110000E+02   2.982821E-07
   1.120000E+02   2.855868E-07
   1.130000E+02   2.518641E-07
   1.140000E+02   2.735571E-07
   1.150000E+02   2.851335E-07
   1.160000E+02   2.835056E-07
   1.170000E+02   2.669093E-07
   1.180000E+02   2.486430E-07
   1.190000E+02   2.310112E-07
   1.200000E+02   2.224511E-07
   1.210000E+02   2.395698E-07
   1.220000E+02   2.340039E-07
   1.230000E+02   2.307189E-07
   1.240000E+02   2.730783E-07
   1.250000E+02   2.842499E-07
   1.260000E+02   2.664352E-07
   1.270000E+02   2.644527E-07
   1.280000E+02   2.498990E-07
   1.290000E+02   2.419489E-07
   1.300000E+02   2.426715E-07
   1.310000E+02   2.309296E-07
   1.320000E+02   2.289850E-07
   1.330000E+02   2.231421E-07
   1.340000E+02   2.176338E-07
   1.350000E+02   2.102333E-07
   1.360000E+02   2.107898E-07
   1.370000E+02   2.204351E-07
   1.380000E+02   2.290973E-07
   1.390000E+02   2.123313E-07
   1.400000E+02   2.039909E-07
   1.410000E+02   2.141085E-07
   1.420000E+02   2.104795E-07
   1.430000E+02   2.075087E-07
   1.440000E+02   2.017157E-07
   1.450000E+02   2.125931E-07
   1.460000E+02   2.065403E-07
   1.470000E+02   1.908466E-07
   1.480000E+02   1.914414E-07
   1.490000E+02   1.821356E-07
   1.500000E+02   1.842055E-07
   1.510000E+02   1.899292E-07
   1.520000E+02   1.834661E-07
   1.530000E+02   1.825481E-07
   1.540000E+02   1.875982E-07
   1.550000E+02   1.803853E-07
   1.560000E+02   1.814205E-07
   1.570000E+02   1.859195E-07
   1.580000E+02   1.840326E-07
   1.590000E+02   1.813185E-07
   1.600000E+02   1.800835E-07
   1.610000E+02   1.705249E-07
   1.620000E+02   1.679654E-07
   1.630000E+02   1.583844E-07
   1.640000E+02   1.709436E-07
   1.650000E+02   1.666591E-07
   1.660000E+02   1.680330E-07
   1.670000E+02   1.540702E-07
   1.680000E+02   1.503416E-07
   1.690000E+02   1.694222E-07
   1.700000E+02   1.640989E-07
   1.710000E+02   1.547182E-07
   1.720000E+02   1.485874E-07
   1.730000E+02   1.605446E-07
   1.740000E+02   1.626572E-07
   1.750000E+02   1.565544E-07
   1.760000E+02   1.650117E-07
   1.770000E+02   1.660841E-07
   1.780000E+02   1.502660E-07
   1.790000E+02   1.429114E-07
   1.800000E+02   1.375535E-07
   1.810000E+02   1.414154E-07
   1.820000E+02   1.405824E-07
   1.830000E+02   1.435726E-07
   1.840000E+02   1.392549E-07
   1.850000E+02   1.395933E-07
   1.860000E+02   1.534554E-07
   1.870000E+02   1.459020E-07
   1.880000E+02   1.287187E-07
   1.890000E+02   1.277561E-07
   1.900000E+02   1.290818E-07
   1.910000E+02   1.407772E-07
   1.920000E+02   1.480527E-07
   1.930000E+02   1.390940E-07
   1.940000E+02   1.377657E-07
   1.950000E+02   1.418775E-07
   1.960000E+02   1.317129E-07
   1.970000E+02   1.201004E-07
   1.980000E+02   1.232151E-07
   1.990000E+02   1.300304E-07
   2.000000E+02   1.268199E-07
   2.010000E+02   1.355742E-07
   2.020000E+02   1.437287E-07
   2.030000E+02   1.396309E-07
   2.040000E+02   1.314971E-07
   2.050000E+02   1.278491E-07
   2.060000E+02   1.272527E-07
   2.070000E+02   1.251220E-07
   2.080000E+02   1.203028E-07
   2.090000E+02   1.119176E-07
   2.100000E+02   1.077828E-07
   2.110000E+02   1.113549E-07
   2.120000E+02   1.165633E-07
   2.130000E+02   1.134639E-07
   2.140000E+02   1.158118E-07
   2.150000E+02   1.158521E-07
   2.160000E+02   1.250748E-07
   2.170000E+02   1.217415E-07
   2.180000E+02   1.257219E-07
   2.190000E+02   1.264964E-07
   2.200000E+02   1.163439E-07
   2.210000E+02   1.110847E-07
   2.220000E+02   1.166470E-07
   2.230000E+02   1.227825E-07
   2.240000E+02   1.212144E-07
   2.250000E+02   1.121874E-07
   2.260000E+02   1.107471E-07
   2.270000E+02   1.074545E-07
   2.280000E+02   9.715266E-08
   2.290000E+02   1.054536E-07
   2.300000E+02   1.037829E-07
   2.310000E+02   9.700532E-08
   2.320000E+02   1.016179E-07
   2.330000E+02   1.070350E-07
   2.340000E+02   1.055363E-07
   2.350000E+02   1.079078E-07
   2.360000E+02   1.122809E-07
   2.370000E+02   1.003164E-07
   2.380000E+02   9.322176E-08
   2.390000E+02   9.771617E-08
   2.400000E+02   1.105484E-07
   2.410000E+02   1.102738E-07
   2.420000E+02   1.101027E-07
   2.430000E+02   1.010633E-07
   2.440000E+02   9.675806E-08
   2.450000E+02   1.064734E-07
   2.460000E+02   1.054846E-07
   2.470000E+02   9.475248E-08
   2.480000E+02   9.899875E-08
   2.490000E+02   9.288060E-08
   2.500000E+02   8.999835E-08
   2.510000E+02   9.329226E-08
   2.520000E+02   9.614197E-08
   2.530000E+02   9.500845E-08
   2.540000E+02   8.191288E-08
   2.550000E+02   8.964523E-08
   2.560000E+02   9.753447E-08
   2.570000E+02   9.370221E-08
   2.580000E+02   9.928712E-08
   2.590000E+02   1.019002E-07
   2.600000E+02   8.357630E-08
   2.610000E+02   8.543315E-08
   2.620000E+02   9.014185E-08
   2.630000E+02   8.883744E-08
   2.640000E+02   7.774602E-08
   2.650000E+02   8.102125E-08
   2.660000E+02   9.082986E-08
   2.670000E+02   8.870741E-08
   2.680000E+02   7.924530E-08
   2.690000E+02   7.945033E-08
   2.700000E+02   7.947090E-08
   2.710000E+02   8.300812E-08
   2.720000E+02   8.501378E-08
   2.730000E+02   8.396309E-08
   2.740000E+02   8.645971E-08
   2.750000E+02   7.948019E-08
   2.760000E+02   8.219123E-08
   2.770000E+02   8.419572E-08
   2.780000E+02   8.400707E-08
   2.790000E+02   8.376659E-08
   2.800000E+02   8.531340E-08
   2.810000E+02   8.538580E-08
   2.820000E+02   8.042569E-08
   2.830000E+02   7.584233E-08
   2.840000E+02   7.985609E-08
   2.850000E+02   8.004181E-08
   2.860000E+02   8.241935E-08
   2.870000E+02   8.239961E-08
   2.880000E+02   7.761575E-08
   2.890000E+02   7.273889E-08
   2.900000E+02   7.792117E-08
   2.910000E+02   7.853424E-08
   2.920000E+02   7.371771E-08
   2.930000E+02   7.307293E-08
   2.940000E+02   7.355975E-08
   2.950000E+02   7.397274E-08
   2.960000E+02   7.600298E-08
   2.970000E+02   7.830784E-08
   2.980000E+02   7.888902E-08
   2.990000E+02   7.400145E-08
   3.000000E+02   7.272109E-08
   3.010000E+02   7.112516E-08
   3.020000E+02   6.940772E-08
   3.030000E+02   7.022758E-08
   3.040000E+02   7.335202E-08
   3.050000E+02   7.975354E-08
   3.060000E+02   7.435928E-08
   3.070000E+02   7.389590E-08
   3.080000E+02   6.946511E-08
   3.090000E+02   7.134525E-08
   3.100000E+02   7.189297E-08
   3.110000E+02   7.094436E-08
   3.120000E+02   7.126493E-08
   3.130000E+02   6.982760E-08
   3.140000E+02   7.143716E-08
   3.150000E+02   6.945167E-08
   3.160000E+02   6.805321E-08
   3.170000E+02   6.298871E-08
   3.180000E+02   6.407591E-08
   3.190000E+02   6.785838E-08
   3.200000E+02   6.525578E-08
   3.210000E+02   6.698613E-08
   3.220000E+02   6.444400E-08
   3.230000E+02   6.538810E-08
   3.240000E+02   7.322151E-08
   3.250000E+02   7.055353E-08
   3.260000E+02   6.289626E-08
   3.270000E+02   6.254102E-08
   3.280000E+02   6.299116E-08
   3.290000E+02   6.866598E-08
   3.300000E+02   6.949308E-08
   3.310000E+02   6.510012E-08
   3.320000E+02   6.147203E-08
   3.330000E+02   6.572999E-08
   3.340000E+02   6.946192E-08
   3.350000E+02   7.122631E-08
   3.360000E+02   6.587632E-08
   3.370000E+02   5.811291E-08
   3.380000E+02   5.857052E-08
   3.390000E+02   6.122553E-08
   3.400000E+02   5.947082E-08
   3.410000E+02   5.642474E-08
   3.420000E+02   5.302352E-08
   3.430000E+02   6.291167E-08
   3.440000E+02   6.111308E-08
   3.450000E+02   6.015105E-08
   3.460000E+02   6.089746E-08
   3.470000E+02   5.440710E-08
   3.480000E+02   5.901497E-08
   3.490000E+02   5.770017E-08
   3.500000E+02   5.470877E-08
   3.510000E+02   5.529041E-08
   3.520000E+02   5.832665E-08
   3.530000E+02   6.147423E-08
   3.540000E+02   5.881813E-08
   3.550000E+02   6.093175E-08
   3.560000E+02   5.918222E-08
   3.570000E+02   5.948088E-08
   3.580000E+02   6.354653E-08
   3.590000E+02   6.494439E-08
   3.600000E+02   5.866545E-08
   3.610000E+02   5.490552E-08
   3.620000E+02   5.432283E-08
   3.630000E+02   5.565296E-08
   3.640000E+02   5.523884E-08
   3.650000E+02   5.565318E-08
   3.660000E+02   6.228367E-08
   3.670000E+02   6.461158E-08
   3.680000E+02   5.581977E-08
   3.690000E+02   5.571204E-08
   3.700000E+02   5.548578E-08
   3.710000E+02   5.607855E-08
   3.720000E+02   5.402023E-08
   3.730000E+02   5.273852E-08
   3.740000E+02   5.584195E-08
   3.750000E+02   5.598650E-08
   3.760000E+02   5.374287E-08
   3.770000E+02   5.573887E-08
   3.780000E+02   5.551325E-08
   3.790000E+02   5.727338E-08
   3.800000E+02   5.688324E-08
   3.810000E+02   5.730105E-08
   3.820000E+02   5.318607E-08
   3.830000E+02   4.852361E-08
   3.840000E+02   4.379402E-08
   3.850000E+02   4.603507E-08
   3.860000E+02   4.906661E-08
   3.870000E+02   5.326087E-08
   3.880000E+02   5.512909E-08
   3.890000E+02   5.308523E-08
   3.900000E+02   5.306122E-08
   3.910000E+02   5.617961E-08
   3.920000E+02   5.267263E-08
   3.930000E+02   5.315535E-08
   3.940000E+02   5.413976E-08
   3.950000E+02   5.493384E-08
   3.960000E+02   5.489057E-08
   3.970000E+02   5.525415E-08
   3.980000E+02   5.271525E-08
   3.990000E+02   5.038611E-08
   4.000000E+02   5.344659E-08
   4.010000E+02   5.050531E-08
   4.020000E+02   4.856649E-08
   4.030000E+02   4.849490E-08
   4.040000E+02   5.170687E-08
   4.050000E+02   4.852745E-08
   4.060000E+02   4.664634E-08
   4.070000E+02   4.887642E-08
   4.080000E+02   5.146475E-08
   4.090000E+02   5.120762E-08
   4.100000E+02   4.917221E-08
   4.110000E+02   5.146235E-08
   4.120000E+02   5.381284E-08
   4.130000E+02   4.952565E-08
   4.140000E+02   4.596603E-08
   4.150000E+02   4.795534E-08
   4.160000E+02   4.686222E-08
   4.170000E+02   5.067560E-08
   4.180000E+02   5.301094E-08
   4.190000E+02   5.009784E-08
   4.200000E+02   4.862158E-08
   4.210000E+02   4.761136E-08
   4.220000E+02   4.624026E-08
   4.230000E+02   4.800487E-08
   4.240000E+02   4.880035E-08
   4.250000E+02   4.966683E-08
   4.260000E+02   4.883806E-08
   4.270000E+02   4.955504E-08
   4.280000E+02   4.945477E-08
   4.290000E+02   4.839843E-08
   4.300000E+02   4.965770E-08
   4.310000E+02   4.718700E-08
   4.320000E+02   4.476514E-08
   4.330000E+02   4.300097E-08
   4.340000E+02   4.315744E-08
   4.350000E+02   4.633252E-08
   4.360000E+02   4.941693E-08
   4.370000E+02   4.645467E-08
   4.380000E+02   4.346533E-08
   4.390000E+02   4.507600E-08
   4.400000E+02   4.397102E-08
   4.410000E+02   4.332825E-08
   4.420000E+02   4.503134E-08
   4.430000E+02   4.631110E-08
   4.440000E+02   4.693534E-08
   4.450000E+02   4.519687E-08
   4.460000E+02   4.070433E-08
   4.470000E+02   3.927736E-08
   4.480000E+02   4.190932E-08
   4.490000E+02   4.439578E-08
   4.500000E+02   4.185569E-08
   4.510000E+02   4.219016E-08
   4.520000E+02   4.409680E-08
   4.530000E+02   4.264850E-08
   4.540000E+02   4.104850E-08
   4.550000E+02   4.018002E-08
   4.560000E+02   4.235489E-08
   4.570000E+02   4.338451E-08
   4.580000E+02   4.189227E-08
   4.590000E+02   4.256897E-08
   4.600000E+02   4.037390E-08
   4.610000E+02   4.074326E-08
   4.620000E+02   4.152001E-08
   4.630000E+02   4.284293E-08
   4.640000E+02   4.386020E-08
   4.650000E+02   4.553274E-08
   4.660000E+02   4.673145E-08
   4.670000E+02   4.465170E-08
   4.680000E+02   4.301113E-08
   4.690000E+02   4.274495E-08
   4.700000E+02   4.630826E-08
   4.710000E+02   4.401394E-08
   4.720000E+02   4.199505E-08
   4.730000E+02   4.265888E-08
   4.740000E+02   3.815243E-08
   4.750000E+02   3.595856E-08
   4.760000E+02   3.586336E-08
   4.770000E+02   3.602672E-08
   4.780000E+02   3.831732E-08
   4.790000E+02   4.121365E-08
   4.800000E+02   4.066191E-08
   4.810000E+02   3.984209E-08
   4.820000E+02   3.928835E-08
   4.830000E+02   4.047225E-08
   4.840000E+02   4.178883E-08
   4.850000E+02   4.126957E-08
   4.860000E+02   4.052586E-08
   4.870000E+02   3.795085E-08
   4.880000E+02   4.066959E-08
   4.890000E+02   4.070381E-08
   4.900000E+02   4.343788E-08
   4.910000E+02   4.120224E-08
   4.920000E+02   3.814061E-08
   4.930000E+02   3.749653E-08
   4.940000E+02   3.707463E-08
   4.950000E+02   3.897050E-08
   4.960000E+02   4.168704E-08
   4.970000E+02   4.082151E-08
   4.980000E+02   4.106024E-08
   4.990000E+02   4.092265E-08
   5.000000E+02   3.773853E-08
   5.010000E+02   3.492426E-08
   5.020000E+02   3.774497E-08
   5.030000E+02   4.040069E-08
   5.040000E+02   3.920987E-08
   5.050000E+02   3.873091E-08
   5.060000E+02   4.024852E-08
   5.070000E+02   3.901208E-08
   5.080000E+02   3.833206E-08
   5.090000E+02   3.626132E-08
   5.100000E+02   3.538361E-08
   5.110000E+02   4.016144E-08
   5.120000E+02   4.068242E-08
   5.130000E+02   3.719759E-08
   5.140000E+02   3.601482E-08
   5.150000E+02   3.635365E-08
   5.160000E+02   3.947476E-08
   5.170000E+02   3.994642E-08
   5.180000E+02   3.774423E-08
   5.190000E+02   3.817663E-08
   5.200000E+02   3.673117E-08
   5.210000E+02   3.401324E-08
   5.220000E+02   3.346948E-08
   5.230000E+02   3.521094E-08
   5.240000E+02   3.676353E-08
   5.250000E+02   3.515858E-08
   5.260000E+02   3.410390E-08
   5.270000E+02   3.226306E-08
   5.280000E+02   3.418531E-08
   5.290000E+02   3.532788E-08
   5.300000E+02   3.766718E-08
   5.310000E+02   3.733366E-08
   5.320000E+02   3.446296E-08
   5.330000E+02   3.389045E-08
   5.340000E+02   3.549685E-08
   5.350000E+02   3.486900E-08
   5.360000E+02   3.379573E-08
   5.370000E+02   3.406170E-08
   5.380000E+02   3.496139E-08
   5.390000E+02   3.260839E-08
   5.400000E+02   3.210505E-08
   5.410000E+02   3.438636E-08
   5.420000E+02   3.262353E-08
   5.430000E+02   3.837915E-08
   5.440000E+02   3.670576E-08
   5.450000E+02   3.519630E-08
   5.460000E+02   3.239811E-08
   5.470000E+02   3.309360E-08
   5.480000E+02   3.299337E-08
   5.490000E+02   3.126614E-08
   5.500000E+02   3.271891E-08
   5.510000E+02   3.377714E-08
   5.520000E+02   3.331982E-08
   5.530000E+02   3.274907E-08
   5.540000E+02   3.188521E-08
   5.550000E+02   3.237575E-08
   5.560000E+02   3.166073E-08
   5.570000E+02   3.307750E-08
   5.580000E+02   3.606558E-08
   5.590000E+02   3.373266E-08
   5.600000E+02   3.136435E-08
   5.610000E+02   3.322189E-08
   5.620000E+02   3.224891E-08
   5.630000E+02   3.112475E-08
   5.640000E+02   3.375349E-08
   5.650000E+02   3.770170E-08
   5.660000E+02   3.435143E-08
   5.670000E+02   3.365962E-08
   5.680000E+02   3.369992E-08
   5.690000E+02   3.020490E-08
   5.700000E+02   3.116955E-08
   5.710000E+02   3.183906E-08
   5.720000E+02   3.643690E-08
   5.730000E+02   3.636687E-08
   5.740000E+02   3.267689E-08
   5.750000E+02   3.270038E-08
   5.760000E+02   3.198668E-08
   5.770000E+02   3.055626E-08
   5.780000E+02   3.265400E-08
   5.790000E+02   3.132796E-08
   5.800000E+02   3.089648E-08
   5.810000E+02   3.291416E-08
   5.820000E+02   3.207592E-08
   5.830000E+02   3.214824E-08
   5.840000E+02   3.295931E-08
   5.850000E+02   3.363760E-08
   5.860000E+02   3.216710E-08
   5.870000E+02   3.196111E-08
   5.880000E+02   2.974157E-08
   5.890000E+02   3.057365E-08
   5.900000E+02   3.291782E-08
   5.910000E+02   3.166956E-08
   5.920000E+02   3.192733E-08
   5.930000E+02   3.048426E-08
   5.940000E+02   3.170495E-08
   5.950000E+02   3.209156E-08
   5.960000E+02   3.145106E-08
   5.970000E+02   3.328966E-08
   5.980000E+02   3.084205E-08
   5.990000E+02   2.952024E-08
   6.000000E+02   2.882354E-08
   6.010000E+02   2.992400E-08
   6.020000E+02   2.922900E-08
   6.030000E+02   2.803655E-08
   6.040000E+02   3.018179E-08
   6.050000E+02   2.964160E-08
   6.060000E+02   2.960948E-08
   6.070000E+02   2.945309E-08
   6.080000E+02   2.769032E-08
   6.090000E+02   2.913533E-08
   6.100000E+02   3.065610E-08
   6.110000E+02   3.054458E-08
   6.120000E+02   3.286538E-08
   6.130000E+02   3.032874E-08
   6.140000E+02   3.096896E-08
   6.150000E+02   3.256818E-08
   6.160000E+02   3.060871E-08
   6.170000E+02   2.890121E-08
   6.180000E+02   2.856938E-08
   6.190000E+02   3.078086E-08
   6.200000E+02   3.054179E-08
   6.210000E+02   3.052983E-08
   6.220000E+02   2.769299E-08
   6.230000E+02   3.039106E-08
   6.240000E+02   3.004641E-08
   6.250000E+02   2.802619E-08
   6.260000E+02   2.466561E-08
   6.270000E+02   2.558829E-08
   6.280000E+02   2.700025E-08
   6.290000E+02   2.791737E-08
   6.300000E+02   2.757344E-08
   6.310000E+02   3.076729E-08
   6.320000E+02   3.075318E-08
   6.330000E+02   2.848099E-08
   6.340000E+02   2.930662E-08
   6.350000E+02   3.098274E-08
   6.360000E+02   2.978213E-08
   6.370000E+02   3.002599E-08
   6.380000E+02   2.937862E-08
   6.390000E+02   2.986796E-08
   6.400000E+02   3.016793E-08
   6.410000E+02   3.222710E-08
   6.420000E+02   2.873878E-08
   6.430000E+02   2.973872E-08
   6.440000E+02   3.050406E-08
   6.450000E+02   3.062714E-08
   6.460000E+02   3.014745E-08
   6.470000E+02   3.014915E-08
   6.480000E+02   2.845083E-08
   6.490000E+02   2.859877E-08
   6.500000E+02   2.932911E-08
   6.510000E+02   2.929862E-08
   6.520000E+02   2.880617E-08
   6.530000E+02   2.834173E-08
   6.540000E+02   2.795896E-08
   6.550000E+02   2.908254E-08
   6.560000E+02   2.809567E-08
   6.570000E+02   2.798773E-08
   6.580000E+02   2.558106E-08
   6.590000E+02   2.642398E-08
   6.600000E+02   2.827772E-08
   6.610000E+02   2.783057E-08
   6.620000E+02   2.726630E-08
   6.630000E+02   2.696649E-08
   6.640000E+02   2.660154E-08
   6.650000E+02   2.846119E-08
   6.660000E+02   2.523210E-08
   6.670000E+02   2.645786E-08
   6.680000E+02   2.843734E-08
   6.690000E+02   2.625378E-08
   6.700000E+02   2.502485E-08
   6.710000E+02   2.505370E-08
   6.720000E+02   2.486240E-08
   6.730000E+02   2.489072E-08
   6.740000E+02   2.703887E-08
   6.750000E+02   2.616185E-08
   6.760000E+02   2.615377E-08
   6.770000E+02   2.763669E-08
   6.780000E+02   2.871864E-08
   6.790000E+02   2.735797E-08
   6.800000E+02   2.620754E-08
   6.810000E+02   2.592401E-08
   6.820000E+02   2.715344E-08
   6.830000E+02   2.693272E-08
   6.840000E+02   2.752088E-08
   6.850000E+02   2.865697E-08
   6.860000E+02   2.851359E-08
   6.870000E+02   2.524396E-08
   6.880000E+02   2.568693E-08
   6.890000E+02   2.902380E-08
   6.900000E+02   2.396930E-08
   6.910000E+02   2.679748E-08
   6.920000E+02   2.879696E-08
   6.930000E+02   2.795318E-08
   6.940000E+02   2.478413E-08
   6.950000E+02   2.475132E-08
   6.960000E+02   2.526638E-08
   6.970000E+02   2.383188E-08
   6.980000E+02   2.586539E-08
   6.990000E+02   2.689769E-08
   7.000000E+02   2.629438E-08
   7.010000E+02   2.447242E-08
   7.020000E+02   2.463661E-08
   7.030000E+02   2.765366E-08
   7.040000E+02   2.673791E-08
   7.050000E+02   2.554033E-08
   7.060000E+02   2.723514E-08
   7.070000E+02   2.666386E-08
   7.080000E+02   2.474480E-08
   7.090000E+02   2.560899E-08
   7.100000E+02   2.628884E-08
   7.110000E+02   2.333819E-08
   7.120000E+02   2.461725E-08
   7.130000E+02   2.673846E-08
   7.140000E+02   2.500170E-08
   7.150000E+02   2.338653E-08
   7.160000E+02   2.311872E-08
   7.170000E+02   2.295403E-08
   7.180000E+02   2.536777E-08
   7.190000E+02   2.481083E-08
   7.200000E+02   2.410141E-08
   7.210000E+02   2.625564E-08
   7.220000E+02   2.533888E-08
   7.230000E+02   2.459693E-08
   7.240000E+02   2.251157E-08
   7.250000E+02   2.327601E-08
   7.260000E+02   2.358467E-08
   7.270000E+02   2.475718E-08
   7.280000E+02   2.458580E-08
   7.290000E+02   2.455110E-08
   7.300000E+02   2.489915E-08
   7.310000E+02   2.523685E-08
   7.320000E+02   2.329771E-08
   7.330000E+02   2.242238E-08
   7.340000E+02   2.365785E-08
   7.350000E+02   2.270114E-08
   7.360000E+02   2.326090E-08
   7.370000E+02   2.409510E-08
   7.380000E+02   2.255964E-08
   7.390000E+02   2.292045E-08
   7.400000E+02   2.411254E-08
   7.410000E+02   2.203422E-08
   7.420000E+02   2.381340E-08
   7.430000E+02   2.331619E-08
   7.440000E+02   2.561275E-08
   7.450000E+02   2.448181E-08
   7.460000E+02   2.593486E-08
   7.470000E+02   2.468062E-08
   7.480000E+02   2.363378E-08
   7.490000E+02   2.420570E-08
   7.500000E+02   2.231108E-08
   7.510000E+02   2.207921E-08
   7.520000E+02   2.433906E-08
   7.530000E+02   2.429458E-08
   7.540000E+02   2.404246E-08
   7.550000E+02   2.457205E-08
   7.560000E+02   2.434837E-08
   7.570000E+02   2.133748E-08
   7.580000E+02   2.084547E-08
   7.590000E+02   2.382315E-08
   7.600000E+02   2.438247E-08
   7.610000E+02   2.055802E-08
   7.620000E+02   2.005952E-08
   7.630000E+02   2.285896E-08
   7.640000E+02   2.351326E-08
   7.650000E+02   2.290357E-08
   7.660000E+02   2.406610E-08
   7.670000E+02   2.315659E-08
   7.680000E+02   2.392383E-08
   7.690000E+02   2.318681E-08
   7.700000E+02   2.381418E-08
   7.710000E+02   2.433486E-08
   7.720000E+02   2.320077E-08
   7.730000E+02   2.354886E-08
   7.740000E+02   2.418059E-08
   7.750000E+02   2.378061E-08
   7.760000E+02   2.349725E-08
   7.770000E+02   2.172385E-08
   7.780000E+02   2.223804E-08
   7.790000E+02   2.038709E-08
   7.800000E+02   2.114140E-08
   7.810000E+02   2.243489E-08
   7.820000E+02   2.301245E-08
   7.830000E+02   2.480261E-08
   7.840000E+02   2.318326E-08
   7.850000E+02   2.285519E-08
   7.860000E+02   2.350343E-08
   7.870000E+02   2.323858E-08
   7.880000E+02   2.144903E-08
   7.890000E+02   2.241525E-08
   7.900000E+02   2.170916E-08
   7.910000E+02   2.083468E-08
   7.920000E+02   2.161256E-08
   7.930000E+02   2.327246E-08
   7.940000E+02   2.266404E-08
   7.950000E+02   2.182887E-08
   7.960000E+02   2.136839E-08
   7.970000E+02   1.947706E-08
   7.980000E+02   1.787245E-08
   7.990000E+02   2.282416E-08
   8.000000E+02   2.368159E-08
   8.010000E+02   2.175299E-08
   8.020000E+02   2.263983E-08
   8.030000E+02   2.207462E-08
   8.040000E+02   2.129779E-08
   8.050000E+02   2.244786E-08
   8.060000E+02   2.294926E-08
   8.070000E+02   2.251641E-08
   8.080000E+02   2.264478E-08
   8.090000E+02   2.335879E-08
   8.100000E+02   2.203200E-08
   8.110000E+02   2.085097E-08
   8.120000E+02   2.152269E-08
   8.130000E+02   2.049195E-08
   8.140000E+02   2.238711E-08
   8.150000E+02   2.115905E-08
   8.160000E+02   2.073158E-08
   8.170000E+02   2.143186E-08
   8.180000E+02   1.895017E-08
   8.190000E+02   1.790224E-08
   8.200000E+02   1.913727E-08
   8.210000E+02   2.100592E-08
   8.220000E+02   2.210373E-08
   8.230000E+02   2.464351E-08
   8.240000E+02   2.510147E-08
   8.250000E+02   2.247923E-08
   8.260000E+02   2.083802E-08
   8.270000E+02   2.046785E-08
   8.280000E+02   1.989378E-08
   8.290000E+02   2.135198E-08
   8.300000E+02   2.209629E-08
   8.310000E+02   2.195392E-08
   8.320000E+02   2.192773E-08
   8.330000E+02   2.407444E-08
   8.340000E+02   2.242190E-08
   8.350000E+02   1.867284E-08
   8.360000E+02   1.640348E-08
   8.370000E+02   1.922500E-08
   8.380000E+02   1.933158E-08
   8.390000E+02   2.040168E-08
   8.400000E+02   2.254138E-08
   8.410000E+02   2.095851E-08
   8.420000E+02   1.936808E-08
   8.430000E+02   2.074837E-08
   8.440000E+02   2.227565E-08
   8.450000E+02   2.084181E-08
   8.460000E+02   1.938089E-08
   8.470000E+02   1.958625E-08
   8.480000E+02   2.018378E-08
   8.490000E+02   2.194346E-08
   8.500000E+02   2.177116E-08
   8.510000E+02   2.120790E-08
   8.520000E+02   1.945061E-08
   8.530000E+02   1.899868E-08
   8.540000E+02   2.052277E-08
   8.550000E+02   2.029128E-08
   8.560000E+02   2.133142E-08
   8.570000E+02   2.160386E-08
   8.580000E+02   1.997466E-08
   8.590000E+02   1.841094E-08
   8.600000E+02   1.881135E-08
   8.610000E+02   1.863161E-08
   8.620000E+02   1.798950E-08
   8.630000E+02   1.950016E-08
   8.640000E+02   2.047852E-08
   8.650000E+02   2.080137E-08
   8.660000E+02   2.038154E-08
   8.670000E+02   2.091542E-08
   8.680000E+02   2.072952E-08
   8.690000E+02   2.030237E-08
   8.700000E+02   1.977598E-08
   8.710000E+02   1.963235E-08
   8.720000E+02   1.947739E-08
   8.730000E+02   2.156758E-08
   8.740000E+02   2.184537E-08
   8.750000E+02   1.989489E-08
   8.760000E+02   1.905321E-08
   8.770000E+02   2.029756E-08
   8.780000E+02   2.041038E-08
   8.790000E+02   2.170138E-08
   8.800000E+02   2.220649E-08
   8.810000E+02   2.085242E-08
   8.820000E+02   2.006289E-08
   8.830000E+02   2.065511E-08
   8.840000E+02   2.061650E-08
   8.850000E+02   2.014243E-08
   8.860000E+02   1.956824E-08
   8.870000E+02   2.078719E-08
   8.880000E+02   1.916613E-08
   8.890000E+02   1.748529E-08
   8.900000E+02   1.946979E-08
   8.910000E+02   1.822312E-08
   8.920000E+02   1.870499E-08
   8.930000E+02   1.998214E-08
   8.940000E+02   1.922074E-08
   8.950000E+02   1.624429E-08
   8.960000E+02   1.966767E-08
   8.970000E+02   1.958836E-08
   8.980000E+02   1.769469E-08
   8.990000E+02   1.961103E-08
   9.000000E+02   1.977440E-08
   9.010000E+02   1.850946E-08
   9.020000E+02   2.004628E-08
   9.030000E+02   2.049742E-08
   9.040000E+02   1.850345E-08
   9.050000E+02   2.009119E-08
   9.060000E+02   2.070458E-08
   9.070000E+02   1.963009E-08
   9.080000E+02   2.098859E-08
   9.090000E+02   2.174655E-08
   9.100000E+02   1.983782E-08
   9.110000E+02   1.963556E-08
   9.120000E+02   1.797658E-08
   9.130000E+02   1.738592E-08
   9.140000E+02   1.731685E-08
   9.150000E+02   1.876839E-08
   9.160000E+02   1.972734E-08
   9.170000E+02   1.930813E-08
   9.180000E+02   1.906471E-08
   9.190000E+02   1.750809E-08
   9.200000E+02   1.843373E-08
   9.210000E+02   2.072696E-08
   9.220000E+02   1.900226E-08
   9.230000E+02   1.881680E-08
   9.240000E+02   1.879325E-08
   9.250000E+02   1.942359E-08
   9.260000E+02   2.114477E-08
   9.270000E+02   2.137243E-08
   9.280000E+02   1.847096E-08
   9.290000E+02   1.787433E-08
   9.300000E+02   1.967394E-08
   9.310000E+02   1.931448E-08
   9.320000E+02   1.845508E-08
   9.330000E+02   1.991901E-08
   9.340000E+02   1.716931E-08
   9.350000E+02   1.919500E-08
   9.360000E+02   1.940954E-08
   9.370000E+02   1.824031E-08
   9.380000E+02   1.840903E-08
   9.390000E+02   1.994952E-08
   9.400000E+02   1.957999E-08
   9.410000E+02   1.945504E-08
   9.420000E+02   2.011758E-08
   9.430000E+02   1.908435E-08
   9.440000E+02   1.775327E-08
   9.450000E+02   1.725182E-08
   9.460000E+02   1.756973E-08
   9.470000E+02   1.971294E-08
   9.480000E+02   1.903264E-08
   9.490000E+02   1.809623E-08
   9.500000E+02   1.659794E-08
   9.510000E+02   1.682916E-08
   9.520000E+02   1.747797E-08
   9.530000E+02   1.741711E-08
   9.540000E+02   1.741787E-08
   9.550000E+02   1.738755E-08
   9.560000E+02   1.814276E-08
   9.570000E+02   1.746126E-08
   9.580000E+02   1.713174E-08
   9.590000E+02   1.870184E-08
   9.600000E+02   1.929674E-08
   9.610000E+02   1.791742E-08
   9.620000E+02   1.712506E-08
   9.630000E+02   1.705324E-08
   9.640000E+02   1.849743E-08
   9.650000E+02   1.914196E-08
   9.660000E+02   1.733907E-08
   9.670000E+02   1.694865E-08
   9.680000E+02   1.769508E-08
   9.690000E+02   1.787485E-08
   9.700000E+02   1.744768E-08
   9.710000E+02   1.597757E-08
   9.720000E+02   1.617989E-08
   9.730000E+02   1.699277E-08
   9.740000E+02   1.814387E-08
   9.750000E+02   1.899982E-08
   9.760000E+02   1.783954E-08
   9.770000E+02   1.661199E-08
   9.780000E+02   1.735066E-08
   9.790000E+02   1.696571E-08
   9.800000E+02   1.708863E-08
   9.810000E+02   1.676966E-08
   9.820000E+02   1.460813E-08
   9.830000E+02   1.530197E-08
   9.840000E+02   1.494140E-08
   9.850000E+02   1.737974E-08
   9.860000E+02   1.891152E-08
   9.870000E+02   2.036344E-08
   9.880000E+02   1.879845E-08
   9.890000E+02   1.838758E-08
   9.900000E+02   1.724771E-08
   9.910000E+02   1.692727E-08
   9.920000E+02   1.734762E-08
   9.930000E+02   1.716220E-08
   9.940000E+02   1.647390E-08
   9.950000E+02   1.646524E-08
   9.960000E+02   1.627379E-08
   9.970000E+02   1.799184E-08
   9.980000E+02   1.701126E-08
   9.990000E+02   1.708153E-08
   1.000000E+03   1.676378E-08
   1.001000E+03   1.627633E-08
   1.002000E+03   1.675651E-08
   1.003000E+03   1.718060E-08
   1.004000E+03   1.798505E-08
   1.005000E+03   1.748430E-08
   1.006000E+03   1.701603E-08
   1.007000E+03   1.705783E-08
   1.008000E+03   1.774502E-08
   1.009000E+03   1.717992E-08
   1.010000E+03   1.680771E-08
   1.011000E+03   1.740949E-08
   1.012000E+03   1.658007E-08
   1.013000E+03   1.588541E-08
   1.014000E+03   1.651872E-08
   1.015000E+03   1.716244E-08
   1.016000E+03   1.801800E-08
   1.017000E+03   1.667213E-08
   1.018000E+03   1.432945E-08
   1.019000E+03   1.453734E-08
   1.020000E+03   1.639656E-08
   1.021000E+03   1.823344E-08
   1.022000E+03   1.746986E-08
   1.023000E+03   1.713409E-08
   1.024000E+03   1.740194E-08
   1.025000E+03   1.897687E-08
   1.026000E+03   1.848143E-08
   1.027000E+03   1.676472E-08
   1.028000E+03   1.718163E-08
   1.029000E+03   1.760531E-08
   1.030000E+03   1.650475E-08
   1.031000E+03   1.651768E-08
   1.032000E+03   1.770191E-08
   1.033000E+03   1.666053E-08
   1.034000E+03   1.608222E-08
   1.035000E+03   1.642376E-08
   1.036000E+03   1.870438E-08
   1.037000E+03   1.695954E-08
   1.038000E+03   1.592023E-08
   1.039000E+03   1.809374E-08
   1.040000E+03   1.857139E-08
   1.041000E+03   1.812499E-08
   1.042000E+03   1.858337E-08
   1.043000E+03   1.859129E-08
   1.044000E+03   1.766259E-08
   1.045000E+03   1.515885E-08
   1.046000E+03   1.582781E-08
   1.047000E+03   1.671565E-08
   1.048000E+03   1.615124E-08
   1.049000E+03   1.515623E-08
   1.050000E+03   1.580881E-08
   1.051000E+03   1.630842E-08
   1.052000E+03   1.645833E-08
   1.053000E+03   1.820682E-08
   1.054000E+03   1.732000E-08
   1.055000E+03   1.785509E-08
   1.056000E+03   1.562999E-08
   1.057000E+03   1.594060E-08
   1.058000E+03   1.735698E-08
   1.059000E+03   1.651961E-08
   1.060000E+03   1.630152E-08
   1.061000E+03   1.704979E-08
   1.062000E+03   1.712310E-08
   1.063000E+03   1.697401E-08
   1.064000E+03   1.668901E-08
   1.065000E+03   1.684763E-08
   1.066000E+03   1.792977E-08
   1.067000E+03   1.862439E-08
   1.068000E+03   1.857317E-08
   1.069000E+03   1.776352E-08
   1.070000E+03   1.719682E-08
   1.071000E+03   1.560779E-08
   1.072000E+03   1.762567E-08
   1.073000E+03   1.817879E-08
   1.074000E+03   1.715276E-08
   1.075000E+03   1.535623E-08
   1.076000E+03   1.599603E-08
   1.077000E+03   1.556045E-08
   1.078000E+03   1.495444E-08
   1.079000E+03   1.415422E-08
   1.080000E+03   1.590983E-08
   1.081000E+03   1.574083E-08
   1.082000E+03   1.650325E-08
   1.083000E+03   1.572623E-08
   1.084000E+03   1.508937E-08
   1.085000E+03   1.484233E-08
   1.086000E+03   1.582305E-08
   1.087000E+03   1.744946E-08
   1.088000E+03   1.584774E-08
   1.089000E+03   1.581270E-08
   1.090000E+03   1.751256E-08
   1.091000E+03   1.721745E-08
   1.092000E+03   1.645547E-08
   1.093000E+03   1.569697E-08
   1.094000E+03   1.554249E-08
   1.095000E+03   1.559892E-08
   1.096000E+03   1.559354E-08
   1.097000E+03   1.561486E-08
   1.098000E+03   1.661109E-08
   1.099000E+03   1.619126E-08
   1.100000E+03   1.558870E-08
   1.101000E+03   1.694232E-08
   1.102000E+03   1.605146E-08
   1.103000E+03   1.501707E-08
   1.104000E+03   1.489782E-08
   1.105000E+03   1.653638E-08
   1.106000E+03   1.693298E-08
   1.107000E+03   1.750224E-08
   1.108000E+03   1.504142E-08
   1.109000E+03   1.520960E-08
   1.110000E+03   1.515343E-08
   1.111000E+03   1.614609E-08
   1.112000E+03   1.646102E-08
   1.113000E+03   1.756895E-08
   1.114000E+03   1.684447E-08
   1.115000E+03   1.589777E-08
   1.116000E+03   1.677853E-08
   1.117000E+03   1.722970E-08
   1.118000E+03   1.552864E-08
   1.119000E+03   1.469838E-08
   1.120000E+03   1.558405E-08
   1.121000E+03   1.677082E-08
   1.122000E+03   1.639413E-08
   1.123000E+03   1.511195E-08
   1.124000E+03   1.616838E-08
   1.125000E+03   1.633035E-08
   1.126000E+03   1.511738E-08
   1.127000E+03   1.700347E-08
   1.128000E+03   1.760693E-08
   1.129000E+03   1.574827E-08
   1.130000E+03   1.579361E-08
   1.131000E+03   1.539946E-08
   1.132000E+03   1.523212E-08
   1.133000E+03   1.625567E-08
   1.134000E+03   1.617010E-08
   1.135000E+03   1.592598E-08
   1.136000E+03   1.583106E-08
   1.137000E+03   1.584118E-08
   1.138000E+03   1.585859E-08
   1.139000E+03   1.565756E-08
   1.140000E+03   1.466747E-08
   1.141000E+03   1.408892E-08
   1.142000E+03   1.544333E-08
   1.143000E+03   1.566753E-08
   1.144000E+03   1.473347E-08
   1.145000E+03   1.619088E-08
   1.146000E+03   1.640507E-08
   1.147000E+03   1.522594E-08
   1.148000E+03   1.564463E-08
   1.149000E+03   1.615664E-08
   1.150000E+03   1.619492E-08
   1.151000E+03   1.368437E-08
   1.152000E+03   1.472489E-08
   1.153000E+03   1.546207E-08
   1.154000E+03   1.604799E-08
   1.155000E+03   1.666185E-08
   1.156000E+03   1.692253E-08
   1.157000E+03   1.655190E-08
   1.158000E+03   1.481725E-08
   1.159000E+03   1.473130E-08
   1.160000E+03   1.468619E-08
   1.161000E+03   1.402685E-08
   1.162000E+03   1.641209E-08
   1.163000E+03   1.498079E-08
   1.164000E+03   1.443991E-08
   1.165000E+03   1.714860E-08
   1.166000E+03   1.483521E-08
   1.167000E+03   1.353585E-08
   1.168000E+03   1.536646E-08
   1.169000E+03   1.455994E-08
   1.170000E+03   1.634183E-08
   1.171000E+03   1.609393E-08
   1.172000E+03   1.340413E-08
   1.173000E+03   1.346408E-08
   1.174000E+03   1.503758E-08
   1.175000E+03   1.501163E-08
   1.176000E+03   1.628552E-08
   1.177000E+03   1.699807E-08
   1.178000E+03   1.512608E-08
   1.179000E+03   1.482696E-08
   1.180000E+03   1.468652E-08
   1.181000E+03   1.327991E-08
   1.182000E+03   1.247355E-08
   1.183000E+03   1.304919E-08
   1.184000E+03   1.456626E-08
   1.185000E+03   1.503763E-08
   1.186000E+03   1.585078E-08
   1.187000E+03   1.575511E-08
   1.188000E+03   1.537795E-08
   1.189000E+03   1.562541E-08
   1.190000E+03   1.496871E-08
   1.191000E+03   1.447061E-08
   1.192000E+03   1.484657E-08
   1.193000E+03   1.538036E-08
   1.194000E+03   1.500716E-08
   1.195000E+03   1.449549E-08
   1.196000E+03   1.569101E-08
   1.197000E+03   1.658709E-08
   1.198000E+03   1.418871E-08
   1.199000E+03   1.448043E-08
   1.200000E+03   1.416178E-08
   1.201000E+03   1.517929E-08
   1.202000E+03   1.618034E-08
   1.203000E+03   1.527153E-08
   1.204000E+03   1.431280E-08
   1.205000E+03   1.663088E-08
   1.206000E+03   1.610554E-08
   1.207000E+03   1.387149E-08
   1.208000E+03   1.518565E-08
   1.209000E+03   1.534040E-08
   1.210000E+03   1.479681E-08
   1.211000E+03   1.461577E-08
   1.212000E+03   1.309537E-08
   1.213000E+03   1.205705E-08
   1.214000E+03   1.348515E-08
   1.215000E+03   1.508719E-08
   1.216000E+03   1.632151E-08
   1.217000E+03   1.564693E-08
   1.218000E+03   1.523267E-08
   1.219000E+03   1.473881E-08
   1.220000E+03   1.430751E-08
   1.221000E+03   1.352794E-08
   1.222000E+03   1.548189E-08
   1.223000E+03   1.607152E-08
   1.224000E+03   1.593977E-08
   1.225000E+03   1.528831E-08
   1.226000E+03   1.419852E-08
   1.227000E+03   1.496303E-08
   1.228000E+03   1.577849E-08
   1.229000E+03   1.410222E-08
   1.230000E+03   1.391894E-08
   1.231000E+03   1.359336E-08
   1.232000E+03   1.354901E-08
   1.233000E+03   1.405177E-08
   1.234000E+03   1.596415E-08
   1.235000E+03   1.433868E-08
   1.236000E+03   1.433848E-08
   1.237000E+03   1.554581E-08
   1.238000E+03   1.353355E-08
   1.239000E+03   1.487111E-08
   1.240000E+03   1.486998E-08
   1.241000E+03   1.598137E-08
   1.242000E+03   1.531999E-08
   1.243000E+03   1.513257E-08
   1.244000E+03   1.441782E-08
   1.245000E+03   1.328095E-08
   1.246000E+03   1.415655E-08
   1.247000E+03   1.504306E-08
   1.248000E+03   1.363937E-08
   1.249000E+03   1.386022E-08
   1.250000E+03   1.338468E-08
   1.251000E+03   1.344700E-08
   1.252000E+03   1.487216E-08
   1.253000E+03   1.561370E-08
   1.254000E+03   1.431219E-08
   1.255000E+03   1.441820E-08
   1.256000E+03   1.463008E-08
   1.257000E+03   1.481355E-08
   1.258000E+03   1.468861E-08
   1.259000E+03   1.426408E-08
   1.260000E+03   1.334963E-08
   1.261000E+03   1.481334E-08
   1.262000E+03   1.387107E-08
   1.263000E+03   1.354872E-08
   1.264000E+03   1.560645E-08
   1.265000E+03   1.533985E-08
   1.266000E+03   1.428699E-08
   1.267000E+03   1.457343E-08
   1.268000E+03   1.408483E-08
   1.269000E+03   1.387128E-08
   1.270000E+03   1.395732E-08
   1.271000E+03   1.423804E-08
   1.272000E+03   1.514354E-08
   1.273000E+03   1.532268E-08
   1.274000E+03   1.664409E-08
   1.275000E+03   1.578714E-08
   1.276000E+03   1.470936E-08
   1.277000E+03   1.361266E-08
   1.278000E+03   1.418878E-08
   1.279000E+03   1.384065E-08
   1.280000E+03   1.456760E-08
   1.281000E+03   1.475646E-08
   1.282000E+03   1.527309E-08
   1.283000E+03   1.517068E-08
   1.284000E+03   1.340702E-08
   1.285000E+03   1.327095E-08
   1.286000E+03   1.415912E-08
   1.287000E+03   1.545556E-08
   1.288000E+03   1.488780E-08
   1.289000E+03   1.393874E-08
   1.290000E+03   1.303439E-08
   1.291000E+03   1.461907E-08
   1.292000E+03   1.351221E-08
   1.293000E+03   1.310317E-08
   1.294000E+03   1.316023E-08
   1.295000E+03   1.364030E-08
   1.296000E+03   1.402418E-08
   1.297000E+03   1.373119E-08
   1.298000E+03   1.340919E-08
   1.299000E+03   1.566239E-08
   1.300000E+03   1.437064E-08
   1.301000E+03   1.518244E-08
   1.302000E+03   1.373270E-08
   1.303000E+03   1.281840E-08
   1.304000E+03   1.451398E-08
   1.305000E+03   1.465019E-08
   1.306000E+03   1.251653E-08
   1.307000E+03   1.227527E-08
   1.308000E+03   1.327865E-08
   1.309000E+03   1.390185E-08
   1.310000E+03   1.464129E-08
   1.311000E+03   1.332507E-08
   1.312000E+03   1.298375E-08
   1.313000E+03   1.336097E-08
   1.314000E+03   1.342667E-08
   1.315000E+03   1.423176E-08
   1.316000E+03   1.326206E-08
   1.317000E+03   1.300597E-08
   1.318000E+03   1.327343E-08
   1.319000E+03   1.305589E-08
   1.320000E+03   1.412057E-08
   1.321000E+03   1.436677E-08
   1.322000E+03   1.370179E-08
   1.323000E+03   1.339828E-08
   1.324000E+03   1.427632E-08
   1.325000E+03   1.432383E-08
   1.326000E+03   1.549135E-08
   1.327000E+03   1.384355E-08
   1.328000E+03   1.251594E-08
   1.329000E+03   1.318574E-08
   1.330000E+03   1.405682E-08
   1.331000E+03   1.421562E-08
   1.332000E+03   1.496241E-08
   1.333000E+03   1.466074E-08
   1.334000E+03   1.285476E-08
   1.335000E+03   1.195654E-08
   1.336000E+03   1.131071E-08
   1.337000E+03   1.460600E-08
   1.338000E+03   1.576565E-08
   1.339000E+03   1.443001E-08
   1.340000E+03   1.492254E-08
   1.341000E+03   1.482128E-08
   1.342000E+03   1.534288E-08
   1.343000E+03   1.430957E-08
   1.344000E+03   1.245654E-08
   1.345000E+03   1.337587E-08
   1.346000E+03   1.247046E-08
   1.347000E+03   1.271092E-08
   1.348000E+03   1.327167E-08
   1.349000E+03   1.294504E-08
   1.350000E+03   1.367792E-08
   1.351000E+03   1.495227E-08
   1.352000E+03   1.463703E-08
   1.353000E+03   1.413122E-08
   1.354000E+03   1.487287E-08
   1.355000E+03   1.562591E-08
   1.356000E+03   1.460956E-08
   1.357000E+03   1.349422E-08
   1.358000E+03   1.566867E-08
   1.359000E+03   1.470016E-08
   1.360000E+03   1.353764E-08
   1.361000E+03   1.303532E-08
   1.362000E+03   1.310338E-08
   1.363000E+03   1.395584E-08
   1.364000E+03   1.409237E-08
   1.365000E+03   1.259053E-08
   1.366000E+03   1.390875E-08
   1.367000E+03   1.473707E-08
   1.368000E+03   1.418151E-08
   1.369000E+03   1.232309E-08
   1.370000E+03   1.287855E-08
   1.371000E+03   1.436988E-08
   1.372000E+03   1.409059E-08
   1.373000E+03   1.424491E-08
   1.374000E+03   1.419608E-08
   1.375000E+03   1.377683E-08
   1.376000E+03   1.416617E-08
   1.377000E+03   1.404786E-08
   1.378000E+03   1.322238E-08
   1.379000E+03   1.318487E-08
   1.380000E+03   1.344412E-08
   1.381000E+03   1.346966E-08
   1.382000E+03   1.286671E-08
   1.383000E+03   1.369052E-08
   1.384000E+03   1.386328E-08
   1.385000E+03   1.306579E-08
   1.386000E+03   1.378951E-08
   1.387000E+03   1.514393E-08
   1.388000E+03   1.314430E-08
   1.389000E+03   1.396400E-08
   1.390000E+03   1.399098E-08
   1.391000E+03   1.441192E-08
   1.392000E+03   1.371330E-08
   1.393000E+03   1.235162E-08
   1.394000E+03   1.394499E-08
   1.395000E+03   1.458598E-08
   1.396000E+03   1.389190E-08
   1.397000E+03   1.387864E-08
   1.398000E+03   1.272145E-08
   1.399000E+03   1.315902E-08
   1.400000E+03   1.300712E-08
   1.401000E+03   1.285439E-08
   1.402000E+03   1.431636E-08
   1.403000E+03   1.531763E-08
   1.404000E+03   1.412305E-08
   1.405000E+03   1.278826E-08
   1.406000E+03   1.228335E-08
   1.407000E+03   1.391114E-08
   1.408000E+03   1.403743E-08
   1.409000E+03   1.385669E-08
   1.410000E+03   1.250109E-08
   1.411000E+03   1.262371E-08
   1.412000E+03   1.208086E-08
   1.413000E+03   1.214484E-08
   1.414000E+03   1.379122E-08
   1.415000E+03   1.303151E-08
   1.416000E+03   1.353016E-08
   1.417000E+03   1.417804E-08
   1.418000E+03   1.404373E-08
   1.419000E+03   1.318392E-08
   1.420000E+03   1.335362E-08
   1.421000E+03   1.452996E-08
   1.422000E+03   1.369762E-08
   1.423000E+03   1.329442E-08
   1.424000E+03   1.278875E-08
   1.425000E+03   1.364711E-08
   1.426000E+03   1.346708E-08
   1.427000E+03   1.331474E-08
   1.428000E+03   1.335425E-08
   1.429000E+03   1.261759E-08
   1.430000E+03   1.404955E-08
   1.431000E+03   1.419816E-08
   1.432000E+03   1.269711E-08
   1.433000E+03   1.184589E-08
   1.434000E+03   1.162937E-08
   1.435000E+03   1.359840E-08
   1.436000E+03   1.368669E-08
   1.437000E+03   1.271699E-08
   1.438000E+03   1.258757E-08
   1.439000E+03   1.170728E-08
   1.440000E+03   1.184051E-08
   1.441000E+03   1.220870E-08
   1.442000E+03   1.202339E-08
   1.443000E+03   1.260332E-08
   1.444000E+03   1.326010E-08
   1.445000E+03   1.322017E-08
   1.446000E+03   1.350400E-08
   1.447000E+03   1.401016E-08
   1.448000E+03   1.295563E-08
   1.449000E+03   1.348204E-08
   1.450000E+03   1.461441E-08
   1.451000E+03   1.455648E-08
   1.452000E+03   1.249741E-08
   1.453000E+03   1.151058E-08
   1.454000E+03   1.187826E-08
   1.455000E+03   1.307516E-08
   1.456000E+03   1.476294E-08
   1.457000E+03   1.357845E-08
   1.458000E+03   1.276813E-08
   1.459000E+03   1.257610E-08
   1.460000E+03   1.360786E-08
   1.461000E+03   1.247287E-08
   1.462000E+03   1.173257E-08
   1.463000E+03   1.167229E-08
   1.464000E+03   1.345699E-08
   1.465000E+03   1.342279E-08
   1.466000E+03   1.388206E-08
   1.467000E+03   1.286044E-08
   1.468000E+03   1.132771E-08
   1.469000E+03   1.222099E-08
   1.470000E+03   1.213936E-08
   1.471000E+03   1.182271E-08
   1.472000E+03   1.075785E-08
   1.473000E+03   1.106032E-08
   1.474000E+03   1.202299E-08
   1.475000E+03   1.244087E-08
   1.476000E+03   1.168438E-08
   1.477000E+03   1.236596E-08
   1.478000E+03   1.182744E-08
   1.479000E+03   1.280242E-08
   1.480000E+03   1.301971E-08
   1.481000E+03   1.515165E-08
   1.482000E+03   1.514484E-08
   1.483000E+03   1.351381E-08
   1.484000E+03   1.255116E-08
   1.485000E+03   1.224088E-08
   1.486000E+03   1.356789E-08
   1.487000E+03   1.368334E-08
   1.488000E+03   1.309677E-08
   1.489000E+03   1.299421E-08
   1.490000E+03   1.243303E-08
   1.491000E+03   1.333942E-08
   1.492000E+03   1.261900E-08
   1.493000E+03   1.128075E-08
   1.494000E+03   1.184457E-08
   1.495000E+03   1.333480E-08
   1.496000E+03   1.357273E-08
   1.497000E+03   1.354249E-08
   1.498000E+03   1.386151E-08
   1.499000E+03   1.430921E-08
   1.500000E+03   1.266759E-08
   1.501000E+03   1.186464E-08
   1.502000E+03   1.338915E-08
   1.503000E+03   1.308431E-08
   1.504000E+03   1.310719E-08
   1.505000E+03   1.232478E-08
   1.506000E+03   1.297263E-08
   1.507000E+03   1.420136E-08
   1.508000E+03   1.313136E-08
   1.509000E+03   1.227633E-08
   1.510000E+03   1.192851E-08
   1.511000E+03   1.318903E-08
   1.512000E+03   1.316658E-08
   1.513000E+03   1.244823E-08
   1.514000E+03   1.207074E-08
   1.515000E+03   1.348432E-08
   1.516000E+03   1.448230E-08
   1.517000E+03   1.390928E-08
   1.518000E+03   1.387773E-08
   1.519000E+03   1.301656E-08
   1.520000E+03   1.339065E-08
   1.521000E+03   1.330857E-08
   1.522000E+03   1.359012E-08
   1.523000E+03   1.302928E-08
   1.524000E+03   1.295885E-08
   1.525000E+03   1.314045E-08
   1.526000E+03   1.220289E-08
   1.527000E+03   1.260939E-08
   1.528000E+03   1.324391E-08
   1.529000E+03   1.219080E-08
   1.530000E+03   1.296200E-08
   1.531000E+03   1.457962E-08
   1.532000E+03   1.469886E-08
   1.533000E+03   1.259105E-08
   1.534000E+03   1.238661E-08
   1.535000E+03   1.304541E-08
   1.536000E+03   1.196671E-08
   1.537000E+03   1.161781E-08
   1.538000E+03   1.128985E-08
   1.539000E+03   1.150061E-08
   1.540000E+03   1.152698E-08
   1.541000E+03   1.073102E-08
   1.542000E+03   1.328277E-08
   1.543000E+03   1.300623E-08
   1.544000E+03   1.274985E-08
   1.545000E+03   1.211539E-08
   1.546000E+03   1.299461E-08
   1.547000E+03   1.295814E-08
   1.548000E+03   1.259780E-08
   1.549000E+03   1.255975E-08
   1.550000E+03   1.344125E-08
   1.551000E+03   1.228482E-08
   1.552000E+03   1.026791E-08
   1.553000E+03   1.007799E-08
   1.554000E+03   1.062938E-08
   1.555000E+03   1.228004E-08
   1.556000E+03   1.213054E-08
   1.557000E+03   1.168287E-08
   1.558000E+03   1.234686E-08
   1.559000E+03   1.230625E-08
   1.560000E+03   1.218253E-08
   1.561000E+03   1.312137E-08
   1.562000E+03   1.228207E-08
   1.563000E+03   1.099547E-08
   1.564000E+03   1.186790E-08
   1.565000E+03   1.235051E-08
   1.566000E+03   1.342850E-08
   1.567000E+03   1.311105E-08
   1.568000E+03   1.219224E-08
   1.569000E+03   1.342681E-08
   1.570000E+03   1.361579E-08
   1.571000E+03   1.290590E-08
   1.572000E+03   1.415226E-08
   1.573000E+03   1.377579E-08
   1.574000E+03   1.308462E-08
   1.575000E+03   1.267618E-08
   1.576000E+03   1.389416E-08
   1.577000E+03   1.346260E-08
   1.578000E+03   1.292562E-08
   1.579000E+03   1.323703E-08
   1.580000E+03   1.242776E-08
   1.581000E+03   1.247496E-08
   1.582000E+03   1.154613E-08
   1.583000E+03   1.119827E-08
   1.584000E+03   1.198809E-08
   1.585000E+03   1.100069E-08
   1.586000E+03   1.287922E-08
   1.587000E+03   1.325752E-08
   1.588000E+03   1.244872E-08
   1.589000E+03   1.270846E-08
   1.590000E+03   1.315446E-08
   1.591000E+03   1.145774E-08
   1.592000E+03   1.203022E-08
   1.593000E+03   1.277749E-08
   1.594000E+03   1.227887E-08
   1.595000E+03   1.252690E-08
   1.596000E+03   1.313375E-08
   1.597000E+03   1.281093E-08
   1.598000E+03   1.198359E-08
   1.599000E+03   1.127621E-08
