 5.00  1.051243e-05 
 6.00  8.694532e-06 
 7.00  6.391065e-06 
 8.00  5.698301e-06 
 9.00  5.819711e-06 
10.00  6.184284e-06 
11.00  5.551503e-06 
12.00  4.587149e-06 
13.00  3.358599e-06 
14.00  4.391907e-06 
15.00  5.676575e-06 
16.00  4.941061e-06 
17.00  4.034534e-06 
18.00  4.009198e-06 
19.00  4.152816e-06 
20.00  4.106837e-06 
21.00  3.833641e-06 
22.00  3.220374e-06 
23.00  3.192356e-06 
24.00  3.542057e-06 
25.00  2.857562e-06 
26.00  2.149352e-06 
27.00  2.490459e-06 
28.00  2.759605e-06 
29.00  2.244371e-06 
30.00  1.798677e-06 
31.00  1.701016e-06 
32.00  1.852909e-06 
33.00  1.737447e-06 
34.00  1.360542e-06 
35.00  1.199804e-06 
36.00  1.414539e-06 
37.00  1.713869e-06 
38.00  1.469934e-06 
39.00  1.382155e-06 
40.00  1.355950e-06 
41.00  1.580596e-06 
42.00  1.401949e-06 
43.00  9.863926e-07 
44.00  1.031680e-06 
45.00  1.176909e-06 
46.00  1.181840e-06 
47.00  9.780820e-07 
48.00  8.157418e-07 
49.00  9.210292e-07 
50.00  1.226040e-06 
51.00  1.391939e-06 
52.00  1.317655e-06 
53.00  1.176672e-06 
54.00  9.953934e-07 
55.00  8.638790e-07 
56.00  8.126324e-07 
57.00  8.509813e-07 
58.00  5.209023e-06 
59.00  1.879176e-05 
60.00  2.808244e-05 
61.00  1.944233e-05 
62.00  6.036903e-06 
63.00  1.212436e-06 
64.00  7.820859e-07 
65.00  7.033314e-07 
66.00  7.723978e-07 
67.00  6.510711e-07 
68.00  7.045697e-07 
69.00  8.060673e-07 
70.00  7.172220e-07 
71.00  4.687930e-07 
72.00  5.434318e-07 
73.00  6.852453e-07 
74.00  7.198539e-07 
75.00  6.957771e-07 
76.00  6.058360e-07 
77.00  5.697164e-07 
78.00  5.781714e-07 
79.00  4.686036e-07 
80.00  5.151603e-07 
81.00  6.583269e-07 
82.00  6.441225e-07 
83.00  6.208003e-07 
84.00  5.100509e-07 
85.00  3.713816e-07 
86.00  3.667655e-07 
87.00  5.605962e-07 
88.00  6.495801e-07 
89.00  5.728293e-07 
90.00  5.741356e-07 
91.00  5.115063e-07 
92.00  3.507750e-07 
93.00  3.421727e-07 
94.00  3.975482e-07 
95.00  4.068908e-07 
96.00  4.381987e-07 
97.00  4.184841e-07 
98.00  4.309973e-07 
99.00  4.708559e-07 
100.00  4.802476e-07 
101.00  5.097849e-07 
102.00  5.013947e-07 
103.00  4.835272e-07 
104.00  4.633950e-07 
105.00  3.862849e-07 
106.00  3.670368e-07 
107.00  3.968988e-07 
108.00  3.972615e-07 
109.00  4.342009e-07 
110.00  4.111385e-07 
111.00  3.563618e-07 
112.00  3.632360e-07 
113.00  3.344254e-07 
114.00  2.486988e-07 
115.00  2.703783e-07 
116.00  2.558850e-07 
117.00  2.802577e-07 
118.00  3.331188e-07 
119.00  8.738803e-07 
120.00  1.344459e-06 
121.00  1.011420e-06 
122.00  4.464989e-07 
123.00  3.271241e-07 
124.00  3.360723e-07 
125.00  3.308836e-07 
126.00  3.813912e-07 
127.00  3.601847e-07 
128.00  3.418143e-07 
129.00  3.078729e-07 
130.00  2.034154e-07 
131.00  2.207380e-07 
132.00  2.662918e-07 
133.00  2.904894e-07 
134.00  2.677218e-07 
135.00  2.342413e-07 
136.00  2.446068e-07 
137.00  2.417750e-07 
138.00  2.508247e-07 
139.00  2.333327e-07 
140.00  2.770875e-07 
141.00  2.834577e-07 
142.00  2.597533e-07 
143.00  2.655762e-07 
144.00  2.474932e-07 
145.00  2.302955e-07 
146.00  2.674923e-07 
147.00  3.000269e-07 
148.00  2.995303e-07 
149.00  3.004287e-07 
150.00  3.251321e-07 
151.00  3.195721e-07 
152.00  2.912483e-07 
153.00  2.913245e-07 
154.00  2.759399e-07 
155.00  2.436519e-07 
156.00  2.198915e-07 
157.00  2.101414e-07 
158.00  2.122758e-07 
159.00  2.202563e-07 
160.00  2.261370e-07 
161.00  1.826861e-07 
162.00  1.445042e-07 
163.00  1.558099e-07 
164.00  1.818807e-07 
165.00  1.991286e-07 
166.00  2.162832e-07 
167.00  1.812932e-07 
168.00  1.477392e-07 
169.00  1.606932e-07 
170.00  2.208547e-07 
171.00  2.532375e-07 
172.00  2.324580e-07 
173.00  2.135134e-07 
174.00  2.351200e-07 
175.00  2.127184e-07 
176.00  1.804644e-07 
177.00  1.951311e-07 
178.00  6.450396e-07 
179.00  2.359150e-06 
180.00  3.635373e-06 
181.00  2.583273e-06 
182.00  8.031310e-07 
183.00  2.405732e-07 
184.00  2.130662e-07 
185.00  1.952240e-07 
186.00  2.177275e-07 
187.00  2.553487e-07 
188.00  2.173683e-07 
189.00  1.574817e-07 
190.00  1.587826e-07 
191.00  1.927872e-07 
192.00  1.866078e-07 
193.00  1.648154e-07 
194.00  1.565232e-07 
195.00  1.777939e-07 
196.00  1.996916e-07 
197.00  1.780323e-07 
198.00  1.531893e-07 
199.00  1.355916e-07 
200.00  1.313130e-07 
201.00  1.342480e-07 
202.00  1.559564e-07 
203.00  1.708576e-07 
204.00  1.718138e-07 
205.00  1.800248e-07 
206.00  1.732331e-07 
207.00  1.583749e-07 
208.00  1.331376e-07 
209.00  1.343181e-07 
210.00  1.528321e-07 
211.00  1.707913e-07 
212.00  1.841552e-07 
213.00  1.866869e-07 
214.00  1.593270e-07 
215.00  1.303383e-07 
216.00  1.252228e-07 
217.00  1.173957e-07 
218.00  1.421664e-07 
219.00  1.546827e-07 
220.00  1.493405e-07 
221.00  1.511149e-07 
222.00  1.654237e-07 
223.00  1.530556e-07 
224.00  1.514505e-07 
225.00  1.538400e-07 
226.00  1.511441e-07 
227.00  1.321580e-07 
228.00  1.382935e-07 
229.00  1.605315e-07 
230.00  1.566512e-07 
231.00  1.406796e-07 
232.00  1.354237e-07 
233.00  1.206429e-07 
234.00  1.290263e-07 
235.00  1.448635e-07 
236.00  1.309103e-07 
237.00  1.353957e-07 
238.00  1.242037e-07 
239.00  3.598259e-07 
240.00  5.863248e-07 
241.00  4.231910e-07 
242.00  1.906620e-07 
243.00  1.610417e-07 
244.00  1.344770e-07 
245.00  1.171157e-07 
246.00  9.495237e-08 
247.00  9.711642e-08 
248.00  1.191002e-07 
249.00  1.299258e-07 
250.00  1.470724e-07 
251.00  1.606285e-07 
252.00  1.365680e-07 
253.00  1.250015e-07 
254.00  1.333176e-07 
255.00  1.452730e-07 
256.00  1.315997e-07 
257.00  1.064417e-07 
258.00  9.671886e-08 
259.00  1.000455e-07 
260.00  1.091776e-07 
261.00  1.162524e-07 
262.00  1.324183e-07 
263.00  1.513311e-07 
264.00  1.633440e-07 
265.00  1.415657e-07 
266.00  1.247223e-07 
267.00  2.062131e-07 
268.00  2.561057e-07 
269.00  1.859842e-07 
270.00  1.175943e-07 
271.00  8.968892e-08 
272.00  8.549373e-08 
273.00  1.187511e-07 
274.00  1.551048e-07 
275.00  1.513639e-07 
276.00  1.116746e-07 
277.00  1.060386e-07 
278.00  1.156679e-07 
279.00  1.064354e-07 
280.00  1.270815e-07 
281.00  1.485236e-07 
282.00  1.409013e-07 
283.00  1.338829e-07 
284.00  1.395753e-07 
285.00  1.344843e-07 
286.00  1.225617e-07 
287.00  1.374227e-07 
288.00  1.401131e-07 
289.00  1.056383e-07 
290.00  1.082442e-07 
291.00  1.171350e-07 
292.00  1.171221e-07 
293.00  1.381554e-07 
294.00  1.248963e-07 
295.00  1.075612e-07 
296.00  9.492161e-08 
297.00  9.254456e-08 
298.00  1.258567e-07 
299.00  2.712684e-07 
300.00  3.908164e-07 
301.00  2.758100e-07 
302.00  1.258537e-07 
303.00  9.016935e-08 
304.00  9.359283e-08 
305.00  1.207746e-07 
306.00  1.105515e-07 
307.00  9.164845e-08 
308.00  9.296932e-08 
309.00  8.649417e-08 
310.00  8.351787e-08 
311.00  9.542434e-08 
312.00  1.082870e-07 
313.00  1.126064e-07 
314.00  8.807136e-08 
315.00  6.956450e-08 
316.00  7.755115e-08 
317.00  1.021357e-07 
318.00  1.245971e-07 
319.00  1.212833e-07 
320.00  1.010127e-07 
321.00  8.065718e-08 
322.00  9.493518e-08 
323.00  1.134227e-07 
324.00  1.182879e-07 
325.00  1.056004e-07 
326.00  1.053391e-07 
327.00  1.178093e-07 
328.00  1.074011e-07 
329.00  1.025127e-07 
330.00  1.126207e-07 
331.00  1.141663e-07 
332.00  1.023044e-07 
333.00  8.008405e-08 
334.00  7.473658e-08 
335.00  8.960474e-08 
336.00  9.639013e-08 
337.00  9.406483e-08 
338.00  8.563427e-08 
339.00  9.719266e-08 
340.00  8.880304e-08 
341.00  7.346625e-08 
342.00  8.646855e-08 
343.00  1.058587e-07 
344.00  9.061305e-08 
345.00  8.084426e-08 
346.00  8.406919e-08 
347.00  9.872349e-08 
348.00  1.023492e-07 
349.00  1.002124e-07 
350.00  1.090510e-07 
351.00  1.101090e-07 
352.00  8.992713e-08 
353.00  7.379743e-08 
354.00  6.047523e-08 
355.00  5.570187e-08 
356.00  6.468470e-08 
357.00  7.504378e-08 
358.00  1.921258e-07 
359.00  6.300721e-07 
360.00  9.883863e-07 
361.00  7.308923e-07 
362.00  2.384241e-07 
363.00  8.680419e-08 
364.00  7.835884e-08 
365.00  7.179471e-08 
366.00  9.779668e-08 
367.00  1.171464e-07 
368.00  1.035612e-07 
369.00  8.344461e-08 
370.00  8.762777e-08 
371.00  8.524982e-08 
372.00  8.831319e-08 
373.00  1.051620e-07 
374.00  1.246500e-07 
375.00  1.206207e-07 
376.00  9.006673e-08 
377.00  7.066298e-08 
378.00  8.484962e-08 
379.00  7.786325e-08 
380.00  7.393934e-08 
381.00  8.752380e-08 
382.00  9.046749e-08 
383.00  8.485967e-08 
384.00  8.338576e-08 
385.00  8.401540e-08 
386.00  8.384601e-08 
387.00  7.890805e-08 
388.00  7.418194e-08 
389.00  7.792530e-08 
390.00  7.964198e-08 
391.00  8.030459e-08 
392.00  8.051622e-08 
393.00  7.394576e-08 
394.00  6.726986e-08 
395.00  7.380790e-08 
396.00  8.408846e-08 
397.00  9.402649e-08 
398.00  9.759951e-08 
399.00  1.025788e-07 
400.00  9.991915e-08 
401.00  8.162065e-08 
402.00  7.744877e-08 
403.00  7.523633e-08 
404.00  6.276336e-08 
405.00  6.529170e-08 
