   0.0000000e+00             Inf
   1.6000000e+01   9.8436219e-06
   3.2000000e+01   6.1913138e-09
   4.8000000e+01   2.5676593e-09
   6.4000000e+01   1.8763889e-09
   8.0000000e+01   1.5806746e-09
   9.6000000e+01   1.4651888e-09
   1.1200000e+02   1.5746360e-09
   1.2800000e+02   1.5116167e-09
   1.4400000e+02   1.3170802e-09
   1.6000000e+02   1.2951248e-09
   1.7600000e+02   1.2925634e-09
   1.9200000e+02   1.2702300e-09
   2.0800000e+02   1.2583155e-09
   2.2400000e+02   1.2510379e-09
   2.4000000e+02   1.2562884e-09
   2.5600000e+02   1.2388105e-09
   2.7200000e+02   1.2298252e-09
   2.8800000e+02   1.2504234e-09
   3.0400000e+02   1.2400098e-09
   3.2000000e+02   1.2313801e-09
   3.3600000e+02   1.2240592e-09
   3.5200000e+02   1.2260613e-09
   3.6800000e+02   1.2170394e-09
   3.8400000e+02   1.2056973e-09
   4.0000000e+02   1.2093435e-09
   4.1600000e+02   1.2059809e-09
   4.3200000e+02   1.2081687e-09
   4.4800000e+02   1.2023778e-09
   4.6400000e+02   1.2101539e-09
   4.8000000e+02   1.2208547e-09
   4.9600000e+02   1.2054310e-09
   5.1200000e+02   1.2093340e-09
   5.2800000e+02   1.2293884e-09
   5.4400000e+02   1.2268149e-09
   5.6000000e+02   1.2258969e-09
   5.7600000e+02   1.2112438e-09
   5.9200000e+02   1.2099168e-09
   6.0800000e+02   1.2054751e-09
   6.2400000e+02   1.2058076e-09
   6.4000000e+02   1.2106538e-09
   6.5600000e+02   1.2185687e-09
   6.7200000e+02   1.2381888e-09
   6.8800000e+02   1.2632991e-09
   7.0400000e+02   1.2435086e-09
   7.2000000e+02   1.2590794e-09
   7.3600000e+02   1.2222336e-09
   7.5200000e+02   1.2041993e-09
   7.6800000e+02   1.2084225e-09
   7.8400000e+02   1.2070342e-09
   8.0000000e+02   1.2071981e-09
   8.1600000e+02   1.2185958e-09
   8.3200000e+02   1.2335564e-09
   8.4800000e+02   1.2273672e-09
   8.6400000e+02   1.1962933e-09
   8.8000000e+02   1.2040162e-09
   8.9600000e+02   1.2169602e-09
   9.1200000e+02   1.2199662e-09
   9.2800000e+02   1.2175173e-09
   9.4400000e+02   1.2113888e-09
   9.6000000e+02   1.2211661e-09
   9.7600000e+02   1.2172815e-09
   9.9200000e+02   1.2249605e-09
   1.0080000e+03   1.2322017e-09
   1.0240000e+03   1.2051565e-09
   1.0400000e+03   1.2009290e-09
   1.0560000e+03   1.2215932e-09
   1.0720000e+03   1.3466744e-09
   1.0880000e+03   1.3405992e-09
   1.1040000e+03   1.2133421e-09
   1.1200000e+03   1.2066023e-09
   1.1360000e+03   1.2148403e-09
   1.1520000e+03   1.2135868e-09
   1.1680000e+03   1.2259714e-09
   1.1840000e+03   1.3127236e-09
   1.2000000e+03   1.4378549e-09
   1.2160000e+03   1.2648465e-09
   1.2320000e+03   1.2012595e-09
   1.2480000e+03   1.2052981e-09
   1.2640000e+03   1.2306717e-09
   1.2800000e+03   1.2202148e-09
   1.2960000e+03   1.2873659e-09
   1.3120000e+03   1.5577258e-09
   1.3280000e+03   1.5115026e-09
   1.3440000e+03   1.2423483e-09
   1.3600000e+03   1.2130174e-09
   1.3760000e+03   1.2351393e-09
   1.3920000e+03   1.2362726e-09
   1.4080000e+03   1.2757078e-09
   1.4240000e+03   1.5291345e-09
   1.4400000e+03   1.8367509e-09
   1.4560000e+03   1.4098653e-09
   1.4720000e+03   1.2403154e-09
   1.4880000e+03   1.2262271e-09
   1.5040000e+03   1.2212805e-09
   1.5200000e+03   1.2494245e-09
   1.5360000e+03   1.3654292e-09
   1.5520000e+03   1.9494740e-09
   1.5680000e+03   1.9049609e-09
   1.5840000e+03   1.2829603e-09
   1.6000000e+03   1.2448036e-09
   1.6160000e+03   1.2474062e-09
   1.6320000e+03   1.2572209e-09
   1.6480000e+03   1.3099623e-09
   1.6640000e+03   1.5284976e-09
   1.6800000e+03   1.8408687e-09
   1.6960000e+03   1.4304377e-09
   1.7120000e+03   1.2610308e-09
   1.7280000e+03   1.2575750e-09
   1.7440000e+03   1.2728374e-09
   1.7600000e+03   1.2816251e-09
   1.7760000e+03   1.3550661e-09
   1.7920000e+03   1.6692933e-09
   1.8080000e+03   1.6339446e-09
   1.8240000e+03   1.2955429e-09
   1.8400000e+03   1.2620458e-09
   1.8560000e+03   1.3333745e-09
   1.8720000e+03   1.3058732e-09
   1.8880000e+03   1.3175236e-09
   1.9040000e+03   1.4974015e-09
   1.9200000e+03   1.7806873e-09
   1.9360000e+03   1.4316613e-09
   1.9520000e+03   1.2938398e-09
   1.9680000e+03   1.3352918e-09
   1.9840000e+03   1.3895119e-09
   2.0000000e+03   1.3205669e-09
   2.0160000e+03   1.3325925e-09
   2.0320000e+03   1.4513006e-09
   2.0480000e+03   1.4632190e-09
   2.0640000e+03   1.3662299e-09
   2.0800000e+03   1.3645888e-09
   2.0960000e+03   1.4209941e-09
   2.1120000e+03   1.3932277e-09
   2.1280000e+03   1.3787198e-09
   2.1440000e+03   1.4720073e-09
   2.1600000e+03   1.6126061e-09
   2.1760000e+03   1.4435428e-09
   2.1920000e+03   1.3728982e-09
   2.2080000e+03   1.3778032e-09
   2.2240000e+03   1.4141258e-09
   2.2400000e+03   1.3895192e-09
   2.2560000e+03   1.4227484e-09
   2.2720000e+03   1.6493477e-09
   2.2880000e+03   1.6438401e-09
   2.3040000e+03   1.4536361e-09
   2.3200000e+03   1.4184152e-09
   2.3360000e+03   1.4631561e-09
   2.3520000e+03   1.4676112e-09
   2.3680000e+03   1.4509938e-09
   2.3840000e+03   1.6523545e-09
   2.4000000e+03   2.0878961e-09
   2.4160000e+03   1.6806287e-09
   2.4320000e+03   1.4746799e-09
   2.4480000e+03   1.5213709e-09
   2.4640000e+03   1.5695963e-09
   2.4800000e+03   1.5097525e-09
   2.4960000e+03   1.5150537e-09
   2.5120000e+03   1.6890111e-09
   2.5280000e+03   1.7087413e-09
   2.5440000e+03   1.6007014e-09
   2.5600000e+03   1.5936644e-09
   2.5760000e+03   1.6190658e-09
   2.5920000e+03   1.5810819e-09
   2.6080000e+03   1.5625009e-09
   2.6240000e+03   1.6396825e-09
   2.6400000e+03   1.8175475e-09
   2.6560000e+03   1.6721585e-09
   2.6720000e+03   1.6262278e-09
   2.6880000e+03   1.6437896e-09
   2.7040000e+03   1.6668864e-09
   2.7200000e+03   1.6242254e-09
   2.7360000e+03   1.6623728e-09
   2.7520000e+03   1.9947629e-09
   2.7680000e+03   2.0709489e-09
   2.7840000e+03   1.8191911e-09
   2.8000000e+03   1.7794477e-09
   2.8160000e+03   1.7830195e-09
   2.8320000e+03   1.7327466e-09
   2.8480000e+03   1.7377286e-09
   2.8640000e+03   1.9425234e-09
   2.8800000e+03   2.3452670e-09
   2.8960000e+03   1.9352710e-09
   2.9120000e+03   1.8414099e-09
   2.9280000e+03   1.8916496e-09
   2.9440000e+03   1.8310229e-09
   2.9600000e+03   1.8296294e-09
   2.9760000e+03   1.8528353e-09
   2.9920000e+03   2.4325850e-09
   3.0080000e+03   2.5523516e-09
   3.0240000e+03   1.9938445e-09
   3.0400000e+03   2.0513134e-09
   3.0560000e+03   1.9850059e-09
   3.0720000e+03   1.8965057e-09
   3.0880000e+03   1.8459086e-09
   3.1040000e+03   2.1343904e-09
   3.1200000e+03   2.7606949e-09
   3.1360000e+03   2.1791371e-09
   3.1520000e+03   1.9828979e-09
   3.1680000e+03   1.9999731e-09
   3.1840000e+03   1.9369087e-09
   3.2000000e+03   1.9000602e-09
   3.2160000e+03   1.9549900e-09
   3.2320000e+03   2.2566326e-09
   3.2480000e+03   2.2775432e-09
   3.2640000e+03   1.9888012e-09
   3.2800000e+03   1.9319933e-09
   3.2960000e+03   2.0222085e-09
   3.3120000e+03   2.0117421e-09
   3.3280000e+03   2.0935610e-09
   3.3440000e+03   2.6781058e-09
   3.3600000e+03   3.6987452e-09
   3.3760000e+03   2.7890503e-09
   3.3920000e+03   2.0795966e-09
   3.4080000e+03   2.0796487e-09
   3.4240000e+03   2.1619977e-09
   3.4400000e+03   2.1343584e-09
   3.4560000e+03   2.2411853e-09
   3.4720000e+03   3.1698883e-09
   3.4880000e+03   3.1505198e-09
   3.5040000e+03   2.2016652e-09
   3.5200000e+03   2.2406924e-09
   3.5360000e+03   2.1696723e-09
   3.5520000e+03   2.1667675e-09
   3.5680000e+03   2.2263760e-09
   3.5840000e+03   2.7650637e-09
   3.6000000e+03   4.0654084e-09
   3.6160000e+03   3.0495848e-09
   3.6320000e+03   2.2475801e-09
   3.6480000e+03   2.1742046e-09
   3.6640000e+03   2.1553474e-09
   3.6800000e+03   2.1873235e-09
   3.6960000e+03   2.2871818e-09
   3.7120000e+03   3.4115561e-09
   3.7280000e+03   3.5045411e-09
   3.7440000e+03   2.3740723e-09
   3.7600000e+03   2.1729134e-09
   3.7760000e+03   2.1965657e-09
   3.7920000e+03   2.1573925e-09
   3.8080000e+03   2.1587654e-09
   3.8240000e+03   2.3717142e-09
   3.8400000e+03   2.8997311e-09
   3.8560000e+03   2.4947108e-09
   3.8720000e+03   2.2750850e-09
   3.8880000e+03   2.2911923e-09
   3.9040000e+03   2.2697997e-09
   3.9200000e+03   2.1463087e-09
   3.9360000e+03   2.2347606e-09
   3.9520000e+03   3.4895028e-09
   3.9680000e+03   3.8107233e-09
   3.9840000e+03   2.6574072e-09
   4.0000000e+03   2.2549213e-09
   4.0160000e+03   2.2560468e-09
   4.0320000e+03   2.2542589e-09
   4.0480000e+03   2.2698000e-09
   4.0640000e+03   2.4304937e-09
   4.0800000e+03   2.7383300e-09
   4.0960000e+03   2.4427829e-09
   4.1120000e+03   2.3427892e-09
   4.1280000e+03   2.3988551e-09
   4.1440000e+03   2.4141511e-09
   4.1600000e+03   2.3840804e-09
   4.1760000e+03   2.4713425e-09
   4.1920000e+03   3.4002835e-09
   4.2080000e+03   3.6020053e-09
   4.2240000e+03   2.6814919e-09
   4.2400000e+03   2.4560812e-09
   4.2560000e+03   2.4587317e-09
   4.2720000e+03   2.4690311e-09
   4.2880000e+03   2.5342672e-09
   4.3040000e+03   3.2346905e-09
   4.3200000e+03   4.7126219e-09
   4.3360000e+03   3.4798584e-09
   4.3520000e+03   2.6290397e-09
   4.3680000e+03   2.5181114e-09
   4.3840000e+03   2.5253584e-09
   4.4000000e+03   2.5177817e-09
   4.4160000e+03   2.5727096e-09
   4.4320000e+03   2.9417198e-09
   4.4480000e+03   2.9681381e-09
   4.4640000e+03   2.6101694e-09
   4.4800000e+03   2.5529241e-09
   4.4960000e+03   2.5572512e-09
   4.5120000e+03   2.5581390e-09
   4.5280000e+03   2.5605574e-09
   4.5440000e+03   2.8363254e-09
   4.5600000e+03   3.6097093e-09
   4.5760000e+03   3.1198576e-09
   4.5920000e+03   2.6823142e-09
   4.6080000e+03   2.6943161e-09
   4.6240000e+03   2.7598282e-09
   4.6400000e+03   2.6853362e-09
   4.6560000e+03   2.7624728e-09
   4.6720000e+03   4.2430575e-09
   4.6880000e+03   4.4786800e-09
   4.7040000e+03   3.0281114e-09
   4.7200000e+03   2.7450606e-09
   4.7360000e+03   2.7661020e-09
   4.7520000e+03   2.7320570e-09
   4.7680000e+03   2.7029765e-09
   4.7840000e+03   2.7422831e-09
   4.8000000e+03   2.8603917e-09
   4.8160000e+03   2.7640365e-09
   4.8320000e+03   2.7482062e-09
   4.8480000e+03   2.7933183e-09
   4.8640000e+03   2.9396664e-09
   4.8800000e+03   2.9383160e-09
   4.8960000e+03   2.8362572e-09
   4.9120000e+03   3.2912187e-09
   4.9280000e+03   3.5375765e-09
   4.9440000e+03   3.0229927e-09
   4.9600000e+03   2.8090588e-09
   4.9760000e+03   2.7998131e-09
   4.9920000e+03   3.0419836e-09
   5.0080000e+03   3.1398051e-09
   5.0240000e+03   3.3087414e-09
   5.0400000e+03   4.5304418e-09
   5.0560000e+03   3.7238232e-09
   5.0720000e+03   2.9834948e-09
   5.0880000e+03   2.8837984e-09
   5.1040000e+03   3.1256162e-09
   5.1200000e+03   3.6281201e-09
   5.1360000e+03   3.2236411e-09
   5.1520000e+03   2.9321769e-09
   5.1680000e+03   2.9017684e-09
   5.1840000e+03   2.9019410e-09
   5.2000000e+03   2.8751424e-09
   5.2160000e+03   3.0968547e-09
   5.2320000e+03   4.0235776e-09
   5.2480000e+03   4.1437458e-09
   5.2640000e+03   3.2887275e-09
   5.2800000e+03   3.6113183e-09
   5.2960000e+03   3.3543788e-09
   5.3120000e+03   3.1200194e-09
   5.3280000e+03   3.1217345e-09
   5.3440000e+03   3.9619634e-09
   5.3600000e+03   5.5050171e-09
   5.3760000e+03   4.2642519e-09
   5.3920000e+03   4.0545412e-09
   5.4080000e+03   4.3001085e-09
   5.4240000e+03   3.3924343e-09
   5.4400000e+03   3.1899038e-09
   5.4560000e+03   3.6375862e-09
   5.4720000e+03   6.1216849e-09
   5.4880000e+03   6.4540246e-09
   5.5040000e+03   3.8629937e-09
   5.5200000e+03   3.6591482e-09
   5.5360000e+03   3.4259323e-09
   5.5520000e+03   3.2515032e-09
   5.5680000e+03   3.3535858e-09
   5.5840000e+03   5.4230350e-09
   5.6000000e+03   8.5722146e-09
   5.6160000e+03   5.9863867e-09
   5.6320000e+03   3.4636527e-09
   5.6480000e+03   3.4011177e-09
   5.6640000e+03   3.3403903e-09
   5.6800000e+03   3.3005332e-09
   5.6960000e+03   4.1184352e-09
   5.7120000e+03   8.8475437e-09
   5.7280000e+03   9.3948260e-09
   5.7440000e+03   4.7188629e-09
   5.7600000e+03   4.2747573e-09
   5.7760000e+03   3.8892077e-09
   5.7920000e+03   3.4823756e-09
   5.8080000e+03   3.5404040e-09
   5.8240000e+03   6.6849093e-09
   5.8400000e+03   1.1023837e-08
   5.8560000e+03   7.4770662e-09
   5.8720000e+03   4.3616835e-09
   5.8880000e+03   4.4467866e-09
   5.9040000e+03   3.7341906e-09
   5.9200000e+03   3.4671317e-09
   5.9360000e+03   4.2700608e-09
   5.9520000e+03   9.3828671e-09
   5.9680000e+03   1.0024919e-08
   5.9840000e+03   4.9412837e-09
   6.0000000e+03   3.8894652e-09
   6.0160000e+03   3.7188178e-09
   6.0320000e+03   3.5618461e-09
   6.0480000e+03   3.5314405e-09
   6.0640000e+03   5.5248347e-09
   6.0800000e+03   8.6542656e-09
   6.0960000e+03   6.1953553e-09
   6.1120000e+03   3.9843380e-09
   6.1280000e+03   3.9565615e-09
   6.1440000e+03   3.6059734e-09
   6.1600000e+03   3.5465187e-09
   6.1760000e+03   3.7064782e-09
   6.1920000e+03   4.6051118e-09
   6.2080000e+03   4.7618319e-09
   6.2240000e+03   4.0394418e-09
   6.2400000e+03   4.8137939e-09
   6.2560000e+03   4.2400783e-09
   6.2720000e+03   3.7529743e-09
   6.2880000e+03   3.6849294e-09
   6.3040000e+03   4.0418370e-09
   6.3200000e+03   4.6182663e-09
   6.3360000e+03   4.0626572e-09
   6.3520000e+03   4.1875925e-09
   6.3680000e+03   4.3587922e-09
   6.3840000e+03   3.9020199e-09
   6.4000000e+03   3.7740040e-09
   6.4160000e+03   4.2552279e-09
   6.4320000e+03   7.5944198e-09
   6.4480000e+03   7.9781442e-09
   6.4640000e+03   4.5450900e-09
   6.4800000e+03   3.8691662e-09
   6.4960000e+03   3.9735591e-09
   6.5120000e+03   4.1248325e-09
   6.5280000e+03   3.9268326e-09
   6.5440000e+03   6.2023770e-09
   6.5600000e+03   9.7495539e-09
   6.5760000e+03   6.8536308e-09
   6.5920000e+03   3.9816065e-09
   6.6080000e+03   3.8934588e-09
   6.6240000e+03   3.8705778e-09
   6.6400000e+03   3.8491185e-09
   6.6560000e+03   4.0954802e-09
   6.6720000e+03   5.9783802e-09
   6.6880000e+03   6.2388767e-09
   6.7040000e+03   4.2538593e-09
   6.7200000e+03   4.0538426e-09
   6.7360000e+03   4.0203145e-09
   6.7520000e+03   3.8636894e-09
   6.7680000e+03   3.8336573e-09
   6.7840000e+03   4.0067445e-09
   6.8000000e+03   4.1344913e-09
   6.8160000e+03   3.9494401e-09
   6.8320000e+03   4.1627734e-09
   6.8480000e+03   4.2731262e-09
   6.8640000e+03   3.9031514e-09
   6.8800000e+03   3.7157146e-09
   6.8960000e+03   4.0698809e-09
   6.9120000e+03   6.5014296e-09
   6.9280000e+03   6.7708146e-09
   6.9440000e+03   4.2193816e-09
   6.9600000e+03   3.8131100e-09
   6.9760000e+03   3.6779872e-09
   6.9920000e+03   3.5467105e-09
   7.0080000e+03   3.5359070e-09
   7.0240000e+03   4.3638209e-09
   7.0400000e+03   5.9454552e-09
   7.0560000e+03   4.5211117e-09
   7.0720000e+03   3.2636931e-09
   7.0880000e+03   3.1167585e-09
   7.1040000e+03   2.9959711e-09
   7.1200000e+03   2.8937526e-09
   7.1360000e+03   2.9251226e-09
   7.1520000e+03   2.7798207e-09
   7.1680000e+03   2.6380724e-09
   7.1840000e+03   2.5693401e-09
   7.2000000e+03   2.6855018e-09
   7.2160000e+03   2.4517093e-09
   7.2320000e+03   2.2505208e-09
   7.2480000e+03   2.1447718e-09
   7.2640000e+03   2.4424146e-09
   7.2800000e+03   3.0253137e-09
   7.2960000e+03   2.3248423e-09
   7.3120000e+03   1.8402577e-09
   7.3280000e+03   1.7662394e-09
   7.3440000e+03   1.5210644e-09
   7.3600000e+03   1.3812152e-09
   7.3760000e+03   1.3329210e-09
   7.3920000e+03   1.6645009e-09
   7.4080000e+03   1.6477154e-09
   7.4240000e+03   1.1279447e-09
   7.4400000e+03   1.0400761e-09
   7.4560000e+03   9.1459827e-10
   7.4720000e+03   7.9350146e-10
   7.4880000e+03   7.2469732e-10
   7.5040000e+03   6.8037570e-10
   7.5200000e+03   5.9864263e-10
   7.5360000e+03   5.4134265e-10
   7.5520000e+03   5.0905542e-10
   7.5680000e+03   4.5699648e-10
   7.5840000e+03   3.9499184e-10
   7.6000000e+03   3.4984904e-10
   7.6160000e+03   3.2456718e-10
   7.6320000e+03   3.5159071e-10
   7.6480000e+03   3.3373978e-10
   7.6640000e+03   2.4346714e-10
   7.6800000e+03   2.1136040e-10
   7.6960000e+03   1.9227211e-10
   7.7120000e+03   1.7905039e-10
   7.7280000e+03   1.6551366e-10
   7.7440000e+03   1.5754388e-10
   7.7600000e+03   1.5126701e-10
   7.7760000e+03   1.4269980e-10
   7.7920000e+03   1.3862389e-10
   7.8080000e+03   1.3729376e-10
   7.8240000e+03   1.3289050e-10
   7.8400000e+03   1.3242429e-10
   7.8560000e+03   1.3254399e-10
   7.8720000e+03   1.3079281e-10
   7.8880000e+03   1.2999716e-10
   7.9040000e+03   1.3054893e-10
   7.9200000e+03   1.3132498e-10
   7.9360000e+03   1.3125804e-10
   7.9520000e+03   1.2990789e-10
   7.9680000e+03   1.2830822e-10
   7.9840000e+03   1.3039657e-10
   8.0000000e+03   1.2883145e-10
   8.0160000e+03   1.2936642e-10
   8.0320000e+03   1.3062907e-10
   8.0480000e+03   1.2923353e-10
   8.0640000e+03   1.2819911e-10
   8.0800000e+03   1.2918825e-10
   8.0960000e+03   1.3144169e-10
   8.1120000e+03   1.3200873e-10
   8.1280000e+03   1.3073990e-10
   8.1440000e+03   1.3067291e-10
   8.1600000e+03   1.2933137e-10
   8.1760000e+03   1.2989023e-10
   8.1920000e+03   9.2230573e-11
