   0.0000000e+00             Inf
   1.6000000e+01   8.8649145e-06
   3.2000000e+01   1.5275920e-07
   4.8000000e+01   5.3277285e-08
   6.4000000e+01   3.4418347e-08
   8.0000000e+01   2.2143693e-08
   9.6000000e+01   1.6726493e-08
   1.1200000e+02   1.8013025e-08
   1.2800000e+02   1.7204676e-08
   1.4400000e+02   1.3777268e-08
   1.6000000e+02   1.2921170e-08
   1.7600000e+02   1.2768867e-08
   1.9200000e+02   1.2400166e-08
   2.0800000e+02   1.2142548e-08
   2.2400000e+02   1.2208974e-08
   2.4000000e+02   1.2154465e-08
   2.5600000e+02   1.1948728e-08
   2.7200000e+02   1.1719216e-08
   2.8800000e+02   1.1706180e-08
   3.0400000e+02   1.1870784e-08
   3.2000000e+02   1.1775850e-08
   3.3600000e+02   1.1595001e-08
   3.5200000e+02   1.1479344e-08
   3.6800000e+02   1.1523235e-08
   3.8400000e+02   1.1645276e-08
   4.0000000e+02   1.1686705e-08
   4.1600000e+02   1.1679654e-08
   4.3200000e+02   1.1747797e-08
   4.4800000e+02   1.1855708e-08
   4.6400000e+02   1.1651549e-08
   4.8000000e+02   1.1499169e-08
   4.9600000e+02   1.1569056e-08
   5.1200000e+02   1.1556702e-08
   5.2800000e+02   1.1330874e-08
   5.4400000e+02   1.1441181e-08
   5.6000000e+02   1.1459425e-08
   5.7600000e+02   1.1483620e-08
   5.9200000e+02   1.1448811e-08
   6.0800000e+02   1.1474012e-08
   6.2400000e+02   1.1546989e-08
   6.4000000e+02   1.1580484e-08
   6.5600000e+02   1.1455172e-08
   6.7200000e+02   1.1364009e-08
   6.8800000e+02   1.1397437e-08
   7.0400000e+02   1.1486667e-08
   7.2000000e+02   1.1426461e-08
   7.3600000e+02   1.1475875e-08
   7.5200000e+02   1.1485898e-08
   7.6800000e+02   1.1469529e-08
   7.8400000e+02   1.1469165e-08
   8.0000000e+02   1.1510938e-08
   8.1600000e+02   1.1455897e-08
   8.3200000e+02   1.1391894e-08
   8.4800000e+02   1.1447330e-08
   8.6400000e+02   1.1374213e-08
   8.8000000e+02   1.1357129e-08
   8.9600000e+02   1.1411910e-08
   9.1200000e+02   1.1444911e-08
   9.2800000e+02   1.1504311e-08
   9.4400000e+02   1.1602269e-08
   9.6000000e+02   1.1656703e-08
   9.7600000e+02   1.1445903e-08
   9.9200000e+02   1.1360866e-08
   1.0080000e+03   1.1335479e-08
   1.0240000e+03   1.1293550e-08
   1.0400000e+03   1.1385173e-08
   1.0560000e+03   1.1489971e-08
   1.0720000e+03   1.1361466e-08
   1.0880000e+03   1.1386375e-08
   1.1040000e+03   1.1493278e-08
   1.1200000e+03   1.1450045e-08
   1.1360000e+03   1.1463446e-08
   1.1520000e+03   1.1575837e-08
   1.1680000e+03   1.1469564e-08
   1.1840000e+03   1.1284100e-08
   1.2000000e+03   1.1304079e-08
   1.2160000e+03   1.1563824e-08
   1.2320000e+03   1.1504378e-08
   1.2480000e+03   1.1321787e-08
   1.2640000e+03   1.1310208e-08
   1.2800000e+03   1.1412734e-08
   1.2960000e+03   1.1483284e-08
   1.3120000e+03   1.1252873e-08
   1.3280000e+03   1.1340957e-08
   1.3440000e+03   1.1383886e-08
   1.3600000e+03   1.1502723e-08
   1.3760000e+03   1.1491468e-08
   1.3920000e+03   1.1324739e-08
   1.4080000e+03   1.1436807e-08
   1.4240000e+03   1.1412275e-08
   1.4400000e+03   1.1414047e-08
   1.4560000e+03   1.1362593e-08
   1.4720000e+03   1.1371827e-08
   1.4880000e+03   1.1557891e-08
   1.5040000e+03   1.1579205e-08
   1.5200000e+03   1.1408685e-08
   1.5360000e+03   1.1512399e-08
   1.5520000e+03   1.1540739e-08
   1.5680000e+03   1.1403620e-08
   1.5840000e+03   1.1359362e-08
   1.6000000e+03   1.1376733e-08
   1.6160000e+03   1.1364602e-08
   1.6320000e+03   1.1455010e-08
   1.6480000e+03   1.1388720e-08
   1.6640000e+03   1.1329072e-08
   1.6800000e+03   1.1466121e-08
   1.6960000e+03   1.1518021e-08
   1.7120000e+03   1.1444020e-08
   1.7280000e+03   1.1444067e-08
   1.7440000e+03   1.1401110e-08
   1.7600000e+03   1.1230133e-08
   1.7760000e+03   1.1218230e-08
   1.7920000e+03   1.1357038e-08
   1.8080000e+03   1.1413017e-08
   1.8240000e+03   1.1440976e-08
   1.8400000e+03   1.1415828e-08
   1.8560000e+03   1.1466159e-08
   1.8720000e+03   1.1551468e-08
   1.8880000e+03   1.1533291e-08
   1.9040000e+03   1.1327869e-08
   1.9200000e+03   1.1488394e-08
   1.9360000e+03   1.1659554e-08
   1.9520000e+03   1.1626538e-08
   1.9680000e+03   1.1603916e-08
   1.9840000e+03   1.1336655e-08
   2.0000000e+03   1.1386113e-08
   2.0160000e+03   1.1326450e-08
   2.0320000e+03   1.1435798e-08
   2.0480000e+03   1.1538963e-08
   2.0640000e+03   1.1472546e-08
   2.0800000e+03   1.1498987e-08
   2.0960000e+03   1.1449744e-08
   2.1120000e+03   1.1526693e-08
   2.1280000e+03   1.1649558e-08
   2.1440000e+03   1.1629437e-08
   2.1600000e+03   1.1882288e-08
   2.1760000e+03   1.1663229e-08
   2.1920000e+03   1.1601653e-08
   2.2080000e+03   1.1682668e-08
   2.2240000e+03   1.1887438e-08
   2.2400000e+03   1.1684152e-08
   2.2560000e+03   1.1573771e-08
   2.2720000e+03   1.1609874e-08
   2.2880000e+03   1.1602476e-08
   2.3040000e+03   1.1691270e-08
   2.3200000e+03   1.1537202e-08
   2.3360000e+03   1.1654331e-08
   2.3520000e+03   1.1637978e-08
   2.3680000e+03   1.1538187e-08
   2.3840000e+03   1.1539511e-08
   2.4000000e+03   1.1733267e-08
   2.4160000e+03   1.1547926e-08
   2.4320000e+03   1.1659933e-08
   2.4480000e+03   1.1602817e-08
   2.4640000e+03   1.1628369e-08
   2.4800000e+03   1.1585146e-08
   2.4960000e+03   1.1563329e-08
   2.5120000e+03   1.1827240e-08
   2.5280000e+03   1.1882620e-08
   2.5440000e+03   1.1676532e-08
   2.5600000e+03   1.1759585e-08
   2.5760000e+03   1.1859871e-08
   2.5920000e+03   1.1688744e-08
   2.6080000e+03   1.1596350e-08
   2.6240000e+03   1.1795954e-08
   2.6400000e+03   1.2334351e-08
   2.6560000e+03   1.1807786e-08
   2.6720000e+03   1.1637381e-08
   2.6880000e+03   1.1757057e-08
   2.7040000e+03   1.1713515e-08
   2.7200000e+03   1.1685993e-08
   2.7360000e+03   1.1622712e-08
   2.7520000e+03   1.2176889e-08
   2.7680000e+03   1.2110958e-08
   2.7840000e+03   1.1797440e-08
   2.8000000e+03   1.1910901e-08
   2.8160000e+03   1.1921904e-08
   2.8320000e+03   1.1934631e-08
   2.8480000e+03   1.1904527e-08
   2.8640000e+03   1.2378866e-08
   2.8800000e+03   1.3359890e-08
   2.8960000e+03   1.2577862e-08
   2.9120000e+03   1.2096719e-08
   2.9280000e+03   1.1887253e-08
   2.9440000e+03   1.1952321e-08
   2.9600000e+03   1.2074974e-08
   2.9760000e+03   1.2214855e-08
   2.9920000e+03   1.4246389e-08
   3.0080000e+03   1.4276851e-08
   3.0240000e+03   1.2180119e-08
   3.0400000e+03   1.2070676e-08
   3.0560000e+03   1.2171900e-08
   3.0720000e+03   1.2185335e-08
   3.0880000e+03   1.2060216e-08
   3.1040000e+03   1.4122961e-08
   3.1200000e+03   1.7832153e-08
   3.1360000e+03   1.3929705e-08
   3.1520000e+03   1.1970946e-08
   3.1680000e+03   1.2137872e-08
   3.1840000e+03   1.2032948e-08
   3.2000000e+03   1.1887014e-08
   3.2160000e+03   1.2875519e-08
   3.2320000e+03   2.0801718e-08
   3.2480000e+03   2.0460641e-08
   3.2640000e+03   1.3102675e-08
   3.2800000e+03   1.2122932e-08
   3.2960000e+03   1.2289734e-08
   3.3120000e+03   1.2409114e-08
   3.3280000e+03   1.2462663e-08
   3.3440000e+03   1.9257274e-08
   3.3600000e+03   2.8506014e-08
   3.3760000e+03   1.8594861e-08
   3.3920000e+03   1.2461813e-08
   3.4080000e+03   1.2513084e-08
   3.4240000e+03   1.2360373e-08
   3.4400000e+03   1.2248656e-08
   3.4560000e+03   1.4935295e-08
   3.4720000e+03   3.1666955e-08
   3.4880000e+03   3.0983167e-08
   3.5040000e+03   1.4593130e-08
   3.5200000e+03   1.2242451e-08
   3.5360000e+03   1.2308781e-08
   3.5520000e+03   1.2306558e-08
   3.5680000e+03   1.2588151e-08
   3.5840000e+03   2.6453262e-08
   3.6000000e+03   4.2246290e-08
   3.6160000e+03   2.5133556e-08
   3.6320000e+03   1.2677129e-08
   3.6480000e+03   1.2664618e-08
   3.6640000e+03   1.2590417e-08
   3.6800000e+03   1.2474121e-08
   3.6960000e+03   1.6901047e-08
   3.7120000e+03   4.0990090e-08
   3.7280000e+03   4.0263577e-08
   3.7440000e+03   1.6509741e-08
   3.7600000e+03   1.2433615e-08
   3.7760000e+03   1.2509053e-08
   3.7920000e+03   1.2586627e-08
   3.8080000e+03   1.2800862e-08
   3.8240000e+03   2.7936753e-08
   3.8400000e+03   4.5198530e-08
   3.8560000e+03   2.6891923e-08
   3.8720000e+03   1.2811165e-08
   3.8880000e+03   1.2506715e-08
   3.9040000e+03   1.2489819e-08
   3.9200000e+03   1.2385659e-08
   3.9360000e+03   1.5523377e-08
   3.9520000e+03   3.3866139e-08
   3.9680000e+03   3.3115618e-08
   3.9840000e+03   1.5023646e-08
   4.0000000e+03   1.2364980e-08
   4.0160000e+03   1.2845124e-08
   4.0320000e+03   1.2548491e-08
   4.0480000e+03   1.2278541e-08
   4.0640000e+03   1.7156183e-08
   4.0800000e+03   2.4159156e-08
   4.0960000e+03   1.6625785e-08
   4.1120000e+03   1.2584485e-08
   4.1280000e+03   1.2647289e-08
   4.1440000e+03   1.2678810e-08
   4.1600000e+03   1.2218586e-08
   4.1760000e+03   1.2512649e-08
   4.1920000e+03   1.5363513e-08
   4.2080000e+03   1.4689743e-08
   4.2240000e+03   1.2469568e-08
   4.2400000e+03   1.2288723e-08
   4.2560000e+03   1.2670860e-08
   4.2720000e+03   1.2489393e-08
   4.2880000e+03   1.2620924e-08
   4.3040000e+03   2.0625699e-08
   4.3200000e+03   2.9866569e-08
   4.3360000e+03   1.8697903e-08
   4.3520000e+03   1.2407459e-08
   4.3680000e+03   1.2355630e-08
   4.3840000e+03   1.2633430e-08
   4.4000000e+03   1.2447781e-08
   4.4160000e+03   1.7153531e-08
   4.4320000e+03   3.8947063e-08
   4.4480000e+03   3.6894616e-08
   4.4640000e+03   1.5783090e-08
   4.4800000e+03   1.2642299e-08
   4.4960000e+03   1.2702841e-08
   4.5120000e+03   1.2599095e-08
   4.5280000e+03   1.3122528e-08
   4.5440000e+03   2.9514353e-08
   4.5600000e+03   4.4697519e-08
   4.5760000e+03   2.5808917e-08
   4.5920000e+03   1.2976447e-08
   4.6080000e+03   1.2692868e-08
   4.6240000e+03   1.2547645e-08
   4.6400000e+03   1.2460061e-08
   4.6560000e+03   1.8124666e-08
   4.6720000e+03   3.7380959e-08
   4.6880000e+03   3.2025122e-08
   4.7040000e+03   1.4437130e-08
   4.7200000e+03   1.2632351e-08
   4.7360000e+03   1.2702974e-08
   4.7520000e+03   1.2768623e-08
   4.7680000e+03   1.3737749e-08
   4.7840000e+03   3.1996294e-08
   4.8000000e+03   4.3977107e-08
   4.8160000e+03   2.3243605e-08
   4.8320000e+03   1.2934060e-08
   4.8480000e+03   1.2630011e-08
   4.8640000e+03   1.2912981e-08
   4.8800000e+03   1.2848148e-08
   4.8960000e+03   2.2116150e-08
   4.9120000e+03   5.1148325e-08
   4.9280000e+03   4.4357844e-08
   4.9440000e+03   1.6625046e-08
   4.9600000e+03   1.2854362e-08
   4.9760000e+03   1.2867874e-08
   4.9920000e+03   1.2761874e-08
   5.0080000e+03   1.4258004e-08
   5.0240000e+03   3.7144095e-08
   5.0400000e+03   5.3912451e-08
   5.0560000e+03   2.8723983e-08
   5.0720000e+03   1.3354995e-08
   5.0880000e+03   1.2754595e-08
   5.1040000e+03   1.2913964e-08
   5.1200000e+03   1.3021951e-08
   5.1360000e+03   1.8221188e-08
   5.1520000e+03   3.6461862e-08
   5.1680000e+03   3.1155949e-08
   5.1840000e+03   1.4398051e-08
   5.2000000e+03   1.2726231e-08
   5.2160000e+03   1.2722111e-08
   5.2320000e+03   1.2754860e-08
   5.2480000e+03   1.2968114e-08
   5.2640000e+03   1.9632636e-08
   5.2800000e+03   2.6569101e-08
   5.2960000e+03   1.7340948e-08
   5.3120000e+03   1.2962412e-08
   5.3280000e+03   1.3017828e-08
   5.3440000e+03   1.3030357e-08
   5.3600000e+03   1.2810916e-08
   5.3760000e+03   1.4283826e-08
   5.3920000e+03   2.5541516e-08
   5.4080000e+03   2.5219464e-08
   5.4240000e+03   1.4517076e-08
   5.4400000e+03   1.3122270e-08
   5.4560000e+03   1.3233216e-08
   5.4720000e+03   1.3089456e-08
   5.4880000e+03   1.3416299e-08
   5.5040000e+03   2.3323337e-08
   5.5200000e+03   3.1470034e-08
   5.5360000e+03   1.9055343e-08
   5.5520000e+03   1.3265223e-08
   5.5680000e+03   1.3245320e-08
   5.5840000e+03   1.3259190e-08
   5.6000000e+03   1.3035557e-08
   5.6160000e+03   1.8549216e-08
   5.6320000e+03   3.7866467e-08
   5.6480000e+03   3.2701070e-08
   5.6640000e+03   1.5113748e-08
   5.6800000e+03   1.3256796e-08
   5.6960000e+03   1.3578772e-08
   5.7120000e+03   1.3407383e-08
   5.7280000e+03   1.3719226e-08
   5.7440000e+03   2.6350454e-08
   5.7600000e+03   3.7242073e-08
   5.7760000e+03   2.1957586e-08
   5.7920000e+03   1.3379608e-08
   5.8080000e+03   1.3124098e-08
   5.8240000e+03   1.3192847e-08
   5.8400000e+03   1.3383466e-08
   5.8560000e+03   1.3542319e-08
   5.8720000e+03   1.6582619e-08
   5.8880000e+03   1.6169236e-08
   5.9040000e+03   1.3563205e-08
   5.9200000e+03   1.3371627e-08
   5.9360000e+03   1.3609600e-08
   5.9520000e+03   1.4037350e-08
   5.9680000e+03   1.6506308e-08
   5.9840000e+03   1.9758220e-08
   6.0000000e+03   2.4546238e-08
   6.0160000e+03   1.6794948e-08
   6.0320000e+03   1.3465861e-08
   6.0480000e+03   1.3599164e-08
   6.0640000e+03   1.3817388e-08
   6.0800000e+03   1.3634883e-08
   6.0960000e+03   1.7054925e-08
   6.1120000e+03   3.1996122e-08
   6.1280000e+03   2.8867031e-08
   6.1440000e+03   1.5315716e-08
   6.1600000e+03   1.3760364e-08
   6.1760000e+03   1.3871966e-08
   6.1920000e+03   1.3686583e-08
   6.2080000e+03   1.3836913e-08
   6.2240000e+03   1.8557721e-08
   6.2400000e+03   2.2676551e-08
   6.2560000e+03   1.6136343e-08
   6.2720000e+03   1.3851471e-08
   6.2880000e+03   1.3879250e-08
   6.3040000e+03   1.3830866e-08
   6.3200000e+03   1.3858148e-08
   6.3360000e+03   1.4425061e-08
   6.3520000e+03   1.9481612e-08
   6.3680000e+03   1.9534267e-08
   6.3840000e+03   1.4547705e-08
   6.4000000e+03   1.3986789e-08
   6.4160000e+03   1.4018436e-08
   6.4320000e+03   1.4232779e-08
   6.4480000e+03   1.4289357e-08
   6.4640000e+03   1.9541500e-08
   6.4800000e+03   2.4689266e-08
   6.4960000e+03   1.7131249e-08
   6.5120000e+03   1.3935261e-08
   6.5280000e+03   1.4000100e-08
   6.5440000e+03   1.4246861e-08
   6.5600000e+03   1.4101547e-08
   6.5760000e+03   1.5567358e-08
   6.5920000e+03   2.2426977e-08
   6.6080000e+03   2.1048867e-08
   6.6240000e+03   1.4889534e-08
   6.6400000e+03   1.4242430e-08
   6.6560000e+03   1.4852070e-08
   6.6720000e+03   1.4569970e-08
   6.6880000e+03   1.4333319e-08
   6.7040000e+03   1.5862526e-08
   6.7200000e+03   1.8642419e-08
   6.7360000e+03   1.5703908e-08
   6.7520000e+03   1.4555297e-08
   6.7680000e+03   1.4536989e-08
   6.7840000e+03   1.4510791e-08
   6.8000000e+03   1.4313662e-08
   6.8160000e+03   1.5454906e-08
   6.8320000e+03   2.1430518e-08
   6.8480000e+03   1.9692282e-08
   6.8640000e+03   1.4510669e-08
   6.8800000e+03   1.3968285e-08
   6.8960000e+03   1.3899836e-08
   6.9120000e+03   1.3753065e-08
   6.9280000e+03   1.3566293e-08
   6.9440000e+03   1.5959911e-08
   6.9600000e+03   1.9428977e-08
   6.9760000e+03   1.5065403e-08
   6.9920000e+03   1.2992959e-08
   7.0080000e+03   1.2779411e-08
   7.0240000e+03   1.2470695e-08
   7.0400000e+03   1.2091246e-08
   7.0560000e+03   1.2284525e-08
   7.0720000e+03   1.3331294e-08
   7.0880000e+03   1.2727335e-08
   7.1040000e+03   1.1073802e-08
   7.1200000e+03   1.0770337e-08
   7.1360000e+03   1.0381284e-08
   7.1520000e+03   9.9466108e-09
   7.1680000e+03   9.7080895e-09
   7.1840000e+03   1.1158320e-08
   7.2000000e+03   1.3167114e-08
   7.2160000e+03   9.9906617e-09
   7.2320000e+03   8.3559325e-09
   7.2480000e+03   7.8641681e-09
   7.2640000e+03   7.4439791e-09
   7.2800000e+03   7.0576788e-09
   7.2960000e+03   6.6304449e-09
   7.3120000e+03   6.4874653e-09
   7.3280000e+03   6.0453577e-09
   7.3440000e+03   5.4877194e-09
   7.3600000e+03   5.0284678e-09
   7.3760000e+03   4.6714833e-09
   7.3920000e+03   4.3688452e-09
   7.4080000e+03   4.0618701e-09
   7.4240000e+03   4.1450604e-09
   7.4400000e+03   4.4852397e-09
   7.4560000e+03   3.4806779e-09
   7.4720000e+03   2.8468555e-09
   7.4880000e+03   2.5868958e-09
   7.5040000e+03   2.3802612e-09
   7.5200000e+03   2.1648132e-09
   7.5360000e+03   1.9434045e-09
   7.5520000e+03   1.7942812e-09
   7.5680000e+03   1.6164653e-09
   7.5840000e+03   1.3863867e-09
   7.6000000e+03   1.2181040e-09
   7.6160000e+03   1.0798126e-09
   7.6320000e+03   9.4237853e-10
   7.6480000e+03   8.2175239e-10
   7.6640000e+03   7.4729362e-10
   7.6800000e+03   7.2590279e-10
   7.6960000e+03   5.8464026e-10
   7.7120000e+03   4.7586860e-10
   7.7280000e+03   4.1373708e-10
   7.7440000e+03   3.6674487e-10
   7.7600000e+03   3.2044617e-10
   7.7760000e+03   2.8889462e-10
   7.7920000e+03   2.6692280e-10
   7.8080000e+03   2.4264648e-10
   7.8240000e+03   2.2121221e-10
   7.8400000e+03   2.1164171e-10
   7.8560000e+03   2.0684761e-10
   7.8720000e+03   2.0110075e-10
   7.8880000e+03   1.9838975e-10
   7.9040000e+03   1.9638593e-10
   7.9200000e+03   1.9484996e-10
   7.9360000e+03   1.9156075e-10
   7.9520000e+03   1.9230683e-10
   7.9680000e+03   1.9072773e-10
   7.9840000e+03   1.9061057e-10
   8.0000000e+03   1.9275033e-10
   8.0160000e+03   1.9343800e-10
   8.0320000e+03   1.9009998e-10
   8.0480000e+03   1.8735654e-10
   8.0640000e+03   1.8827891e-10
   8.0800000e+03   1.9013719e-10
   8.0960000e+03   1.8891066e-10
   8.1120000e+03   1.8871619e-10
   8.1280000e+03   1.9120871e-10
   8.1440000e+03   1.9040686e-10
   8.1600000e+03   1.8931224e-10
   8.1760000e+03   1.9113410e-10
   8.1920000e+03   1.3816545e-10
