          40    1.4842354   -2.3366306
    43.59573    1.2786659   -2.6061735
   47.514694     2.227309   -2.1976123
   51.785942    2.5462809   -1.5937651
   56.441151    2.6162338  -0.96072716
   61.514832    2.7023447  -0.80171394
   67.044601     2.516834  -0.20120692
   73.071457    2.3086116   0.05133301
   79.640091    2.1429152   0.22742765
   86.799194     1.957551   0.33728755
    94.60186    1.8234699    0.5157342
   103.10593    1.6462321    0.5492869
   112.37446    1.4426936   0.55485332
   122.47617    1.3735597   0.56893212
   133.48595    1.2356094   0.56808746
   145.48543    1.1326762   0.51956367
   158.56358    1.0251418   0.47701439
   172.81738   0.94136196   0.43843386
   188.35251   0.85791284   0.40151176
   205.28413    0.7975769    0.3486155
   223.73779   0.73467952   0.30154195
   243.85031   0.67849606   0.25415063
   265.77081   0.63577062   0.21269709
    289.6618   0.60128009   0.17886782
   315.70047   0.54198295   0.12475435
    344.0798   0.42257407   0.46249351
   375.01025   0.47606111  0.038506676
   408.72116   0.43348005    -0.003121
   445.46243   0.39375782 -0.043160014
    485.5065   0.35299984 -0.082113564
   529.15027   0.31825683  -0.12192944
   576.71729   0.26492354   -0.1572445
    628.5603   0.21297771  -0.19007649
   685.06366 -0.035739325  -0.07489872
   746.64624   0.15966401  -0.18570639
   813.76471  0.096479349  -0.20047966
   886.91669  0.038207013  -0.20392054
   966.64453 -0.018343158  -0.19472341
   1053.5393 -0.065465823  -0.16700861
   1148.2455   -0.1116362  -0.12864259
    1251.465  -0.13726117 -0.074521855
   1363.9633  -0.14692533 -0.014106866
   1486.5743  -0.12696165  0.045566007
   1620.2073 -0.082179233  0.091552109
    1765.853 -0.021474713   0.11057509
   1924.5913  0.039903887  0.092201144
   2097.5991  0.076714031  0.041916274
   2286.1592  0.073987551 -0.013535219
   2491.6694  0.036923289 -0.050053045
   2715.6538 -0.0083496021 -0.051344313
   2959.7727 -0.036239397 -0.021563131
   3225.8364 -0.030831072  0.014116969
   3515.8174 -0.0027286648  0.027538771
   3831.8655  0.019383257 0.0086051319
   4176.3247  0.010276124  -0.01244496
    4551.748 -0.0081634196 -0.0073358454
   4960.9194 -0.0036923129 0.0052154157
   5406.8726  0.003278926 0.00064861658
   5892.9141 -0.0013587169 -0.0013422647
   6422.6475 -0.00017474627 3.5049972e-05
        7000 -0.00020924753 0.00010268893