          10   0.72572017   0.40123832
   11.671908    1.2471133   -2.8792305
   13.623344    1.6689713  -0.38295153
   15.901044    3.6592343  -0.48304108
   18.559553    2.4682572   0.65580052
    21.66254    2.9621398   0.49876571
   25.284319    1.9755452   0.86041892
   29.511625    1.2651448   0.97172064
   34.445698    1.0196729    1.0339249
   40.204704   0.77038807   0.99295908
   46.926563    0.5989992   0.88372976
   54.772255   0.49406397   0.83459389
   63.929676   0.40753824   0.67594767
   74.618134    0.3272877   0.60440642
   87.093605   0.30410752   0.52229965
   101.65485   0.29025409   0.46705559
   118.65062   0.19117245   0.38907838
   138.48792   0.21367137   0.34552485
   161.64183   0.19951001   0.23895994
   188.66687   0.22982657   0.23079395
   220.21024   0.20036161   0.19301429
   257.02737   0.15869801   0.18543644
         300   0.20626843 -0.089594603