          30     2.580467  -0.87870252
   33.750317    2.2981982  -0.25413436
   37.969463    1.9537044   0.14632189
   42.716045    1.6373082   0.37572858
   48.056004    1.3685828   0.50842535
   54.063511    1.1443161   0.57039642
   60.822021   0.95601064   0.59166414
   68.425415   0.79830903    0.5773083
   76.979317   0.66609955   0.54732984
   86.602539   0.56515932   0.51177227
   97.428772   0.48456487   0.46781385
    109.6084   0.41966873    0.4288125
    123.3106   0.36502922   0.38839683
   138.72572   0.33022839   0.34569895
   156.06792   0.30081058   0.30178359
   175.57805   0.27363932   0.26050064
   197.52716   0.25340885    0.2258703
   222.22014   0.23053572   0.19073647
         250    0.2232821   0.15148309